2.135169865874227135e-02
1.033250341338045122e-02
8.240301983776404313e-03
3.582041603084089830e-03
6.650068267609027250e-03
6.613926592241587375e-03
6.605895108826600158e-03
1.686611517147217163e-03
4.967472492169303262e-03
5.031724359489197530e-03
5.280700345353786518e-03
3.863143522608625952e-03
5.385109629748614270e-03
5.686290257810617567e-03
4.172355634085615599e-03
3.204561882579712306e-03
4.084009316520761414e-03
1.417556822745161000e-03
9.758252349208898589e-04
1.088266002730704394e-03
1.305116054935346465e-03
2.369287607421090563e-04
2.891334029395229484e-03
1.746847642759617606e-03
2.955585896715123319e-03
6.746446068588868869e-04
8.473215002811019733e-04
3.168420207212271997e-03
3.088105373062404596e-03
2.513854308890851961e-03
1.437635531282627959e-03
8.111798249136615560e-04
4.453457553610151720e-03
2.015902337161673552e-03
3.397317484539394243e-03
1.240864187615452630e-03
4.714480764597221533e-03
1.594249457874869587e-03
3.244719299654646224e-03
3.935426873343506569e-03
2.943538671592643360e-03
3.184483174042245564e-03
1.252911412737932589e-03
1.734800417637137647e-03
1.441651272990121350e-03
3.068026664524937854e-03
1.353304955425266949e-03
2.224720905951329056e-03
2.863223837442775525e-03
1.782989318127058131e-03
3.341097100634487192e-03
3.722592562846357891e-03
2.831097903782828825e-03
3.417396193076861419e-03
1.642438358364790071e-03
3.955505581880973745e-03
2.505822825475865177e-03
5.541723556340855681e-04
2.100232913019034562e-03
3.072042406232431029e-03
1.329210505180306815e-03
2.232752389366315839e-03
2.393382057666051076e-03
2.907396996225202618e-03
1.550076299092442277e-03
1.931571761304312976e-03
1.011966910288330168e-03
1.132439161513131487e-03
9.356678178459561582e-04
2.015902337161673552e-03
2.140390330093968480e-03
9.878724600433700341e-04
3.080073889647417813e-03
1.566139265922415844e-03
1.550076299092442277e-03
2.798971970122881691e-03
2.963617380130110102e-03
2.525901534013332353e-03
2.979680346960083669e-03
1.811099510079511657e-03
1.538029073969962319e-03
1.405509597622680825e-03
3.007790538912537195e-03
2.232752389366315839e-03
2.706609910850533898e-03
1.594249457874869587e-03
2.228736647658822664e-03
1.726768934222150864e-03
1.313147538350333248e-03
1.156533611758091620e-03
1.072203035900730827e-03
1.180628062003051971e-03
1.341257730302786990e-03
2.381334832543570684e-03
1.056140069070757477e-03
1.558107782507429061e-03
1.092281744438197786e-03
7.348807324712874380e-04
1.662517066902256813e-03
2.425507991325997776e-03
1.019998393703316951e-03
1.698658742269697122e-03
6.264557063689662943e-04
6.866918319813669538e-04
7.870853746687013139e-04
1.128423419805638095e-03
1.465745723235081484e-03
1.758894867882097781e-03
3.855112039193639276e-04
2.481728375230905261e-03
2.152437555216448438e-03
1.437635531282627959e-03
1.722753192514657472e-03
2.333145932053650416e-03
9.637780097984097920e-04
1.124407678098144703e-03
1.638422616657296679e-03
6.706288651513934952e-04
1.389446630792707475e-03
2.212673680828849097e-03
1.445667014697614742e-03
1.871335635691912316e-03
1.220785479077985672e-03
2.489759858645892044e-04
2.060075495944101078e-03
1.879367119106899100e-03
1.277005862982892939e-03
1.983776403501726852e-03
1.670548550317243596e-03
1.124407678098144676e-04
1.694643000562203947e-03
1.349289213717773774e-03
1.108344711268171136e-03
1.349289213717773774e-03
8.553529836960886484e-04
1.505903140310015185e-03
8.232270500361416228e-04
1.654485583487270029e-03
4.859047466066982335e-04
1.835193960324472007e-03
1.517950365432495360e-03
1.152517870050598445e-03
1.827162476909485224e-03
1.903461569351859234e-03
1.963697694964260110e-03
1.204722512248012104e-03
1.831178218616978616e-03
1.546060557384949102e-03
1.381415147377720691e-03
6.103927395389928358e-04
7.268492490563006544e-04
1.542044815677455711e-03
2.048028270821620686e-03
6.224399646614730110e-04
1.040077102240783910e-03
1.228816962492972455e-03
7.589751827162476800e-04
1.196691028833025538e-03
1.096297486145691178e-03
1.566139265922415736e-04
1.931571761304312976e-03
1.369367922255240516e-03
3.814954622118705359e-04
1.068187294193237435e-03
1.722753192514657472e-03
1.622359649827323112e-03
1.626375391534816504e-03
1.132439161513131487e-03
7.067705405188338041e-04
6.425186731989398613e-04
1.481808690065055051e-03
1.449682756405107917e-03
1.550076299092442277e-03
9.276363344309693747e-04
3.212593365994699307e-04
1.052124327363264085e-03
3.694482370893904149e-04
1.120391936390651311e-03
1.321179021765320032e-03
1.011966910288330168e-03
5.381093888041121095e-04
1.750863384467110997e-03
1.272990121275399547e-03
1.449682756405107917e-03
1.301100313227853290e-03
3.011806280620030261e-04
9.637780097984097920e-04
1.040077102240783910e-03
9.838567183358766424e-04
7.067705405188338041e-04
9.718094932133964671e-04
5.862982892940325937e-04
7.830696329612079221e-04
1.212753995662998888e-03
4.337001044092844118e-04
7.027547988113404124e-04
1.200706770540518930e-03
1.333226246887800207e-03
4.939362300216850171e-04
1.385430889085214083e-03
6.866918319813669538e-04
9.035418841860091326e-04
1.497871656895028618e-03
1.405509597622680879e-04
8.513372419885952566e-04
1.357320697132760341e-03
1.003935426873343601e-03
4.939362300216850171e-04
1.521966107139988752e-03
7.870853746687013139e-04
1.305116054935346465e-03
4.457473295317645329e-04
4.939362300216850171e-04
1.309131796642839856e-03
9.396835595534495499e-04
1.264958637860412764e-03
4.658260380692313832e-04
1.056140069070757477e-03
1.056140069070757477e-03
1.156533611758091620e-03
5.059834551441650839e-04
2.650389526945626630e-04
1.220785479077985672e-03
1.305116054935346465e-03
4.577945546542446539e-04
4.939362300216850171e-04
2.088185687896554495e-04
1.064171552485744044e-03
1.140470644928118270e-03
1.120391936390651311e-03
1.341257730302786990e-03
3.132278531844831472e-04
1.040077102240783910e-03
3.172435948919765389e-04
7.991325997911813807e-04
5.059834551441650839e-04
7.549594410087542883e-04
8.352742751586217981e-04
8.433057585736086087e-05
4.778732631917115043e-04
7.429122158862742215e-04
1.064171552485744044e-03
1.011966910288330168e-03
2.489759858645892044e-04
1.048108585655770694e-03
8.874789173560356740e-04
5.943297727090193772e-04
1.048108585655770694e-03
1.176612320295558579e-03
1.228816962492972455e-03
8.633844671110754319e-04
1.160549353465585012e-03
7.107862822263271959e-04
1.558107782507429061e-03
6.947233153963537373e-04
7.870853746687013139e-04
2.288972773271223270e-04
4.457473295317645329e-04
8.633844671110754319e-04
1.088266002730704394e-03
8.874789173560356740e-04
7.951168580836880974e-04
9.155891093084893078e-04
9.155891093084893078e-04
1.807083768372018428e-04
1.072203035900730827e-03
1.469761464942574876e-03
1.104328969560677961e-03
8.272427917436350146e-04
8.955104007710224575e-04
7.951168580836880974e-04
4.818890048992048960e-04
1.248895671030439414e-03
8.794474339410488905e-04
8.874789173560356740e-04
8.955104007710224575e-04
5.983455144165127689e-04
2.048028270821620849e-04
7.710224078387278553e-04
8.031483414986747725e-04
9.155891093084893078e-04
1.297084571520359898e-03
6.465344149064332531e-04
8.593687254035820402e-04
5.019677134366718006e-04
1.967713436671753285e-04
6.866918319813669538e-04
9.316520761384627664e-04
3.694482370893904149e-04
9.838567183358766424e-04
1.032045618825797127e-03
7.589751827162476800e-04
9.597622680909164003e-04
7.308649907637940462e-04
5.381093888041121095e-04
1.477792948357561659e-03
6.907075736888603455e-04
9.276363344309693747e-04
8.232270500361416228e-04
4.015741707493373862e-04
8.352742751586217981e-04
5.702353224640591351e-04
5.461408722190988930e-04
1.606296682997349653e-04
5.340936470966187177e-04
1.445667014697614525e-04
6.144084812464862275e-04
8.192113083286483395e-04
1.032045618825797127e-03
7.027547988113404124e-04
9.075576258935025243e-04
1.128423419805638095e-03
6.344871897839530778e-04
1.405509597622680879e-04
9.356678178459561582e-04
1.180628062003051971e-03
6.144084812464862275e-04
4.618102963617379915e-04
7.790538912537145304e-04
5.501566139265922847e-04
8.232270500361416228e-04
8.674002088185688237e-04
9.597622680909164003e-04
5.340936470966187177e-04
6.264557063689662943e-04
4.256686209942976283e-04
4.537788129467512622e-04
5.260621636816320426e-04
1.248895671030439414e-03
4.618102963617379915e-04
9.236205927234759829e-04
2.690546944020560547e-04
6.826760902738735620e-04
4.778732631917115043e-04
2.811019195245361758e-04
2.811019195245361758e-04
5.019677134366718006e-04
6.545658983214199282e-04
7.228335073488073711e-04
7.388964741787808297e-04
7.429122158862742215e-04
8.111798249136615560e-04
5.581880973415789598e-04
3.574010119669102938e-04
2.048028270821620849e-04
2.730704361095494465e-04
7.067705405188338041e-04
7.067705405188338041e-04
2.128343104971488142e-04
7.830696329612079221e-04
3.895269456268572652e-04
6.585816400289133199e-04
1.068187294193237435e-03
2.971648863545096886e-04
4.859047466066982335e-04
8.151955666211549477e-04
9.236205927234759829e-04
6.385029314914464696e-04
7.469279575937676132e-04
6.987390571038471290e-04
5.099991968516584756e-04
1.112360452975664528e-03
5.541723556340855681e-04
5.501566139265922847e-04
8.794474339410488905e-04
4.979519717291784088e-04
8.392900168661151898e-04
1.445667014697614525e-04
6.505501566139266448e-04
7.188177656413139794e-04
3.092121114769898096e-04
1.176612320295558579e-03
6.585816400289133199e-04
5.541723556340855681e-04
9.597622680909164003e-04
8.593687254035820402e-04
4.778732631917115043e-04
5.581880973415789598e-04
4.337001044092844118e-04
5.702353224640591351e-04
2.048028270821620849e-04
1.068187294193237435e-03
8.794474339410488905e-04
7.750381495462211386e-04
1.019998393703316951e-03
6.224399646614730110e-04
7.750381495462211386e-04
7.991325997911813807e-04
6.385029314914464696e-04
8.071640832061681642e-04
3.895269456268572652e-04
6.545658983214199282e-04
3.935426873343506569e-04
9.677937515059031838e-04
9.236205927234759829e-04
3.814954622118705359e-04
5.702353224640591351e-04
6.425186731989398613e-04
6.505501566139266448e-04
1.084250261023211002e-03
8.433057585736085816e-04
9.155891093084893078e-04
7.469279575937676132e-04
7.107862822263271959e-04
6.505501566139266448e-04
9.878724600433700341e-04
3.895269456268572652e-04
5.019677134366718006e-04
2.971648863545096886e-04
4.256686209942976283e-04
5.622038390490723516e-04
6.103927395389928358e-04
8.272427917436350146e-04
7.509436993012608965e-04
3.814954622118705359e-04
8.111798249136615560e-04
6.907075736888603455e-04
9.557465263834230085e-04
4.939362300216850171e-04
3.975584290418440487e-04
8.513372419885952566e-04
9.677937515059031838e-04
3.011806280620030261e-04
2.048028270821620849e-04
3.654324953818970231e-04
4.055899124568307780e-04
5.501566139265922847e-04
5.903140310015259854e-04
2.329130190346156916e-04
7.951168580836880974e-04
9.878724600433700341e-04
5.019677134366718006e-04
1.044092843948277248e-04
7.750381495462211386e-04
8.433057585736085816e-04
3.935426873343506569e-04
3.333065617219500517e-04
5.581880973415789598e-04
6.023612561240060522e-04
5.260621636816320426e-04
4.979519717291784088e-04
2.329130190346156916e-04
1.100313227853184569e-03
2.208657939121355706e-04
7.228335073488073711e-04
7.228335073488073711e-04
6.385029314914464696e-04
2.288972773271223270e-04
2.088185687896554495e-04
4.015741707493374133e-05
5.501566139265922847e-04
1.011966910288330168e-03
5.140149385591518674e-04
5.822825475865392019e-04
5.300779053891253260e-04
6.425186731989398613e-04
5.019677134366718006e-04
9.999196851658502094e-04
5.501566139265922847e-04
8.874789173560356740e-04
5.541723556340855681e-04
5.099991968516584756e-04
6.987390571038471290e-04
7.830696329612079221e-04
8.714159505260622154e-04
7.589751827162476800e-04
2.971648863545096886e-04
6.907075736888603455e-04
2.811019195245361758e-04
6.425186731989398613e-04
4.939362300216850171e-04
6.866918319813669538e-04
8.232270500361416228e-04
6.144084812464862275e-04
5.220464219741386509e-04
6.826760902738735620e-04
6.907075736888603455e-04
3.975584290418440487e-04
6.545658983214199282e-04
6.706288651513934952e-04
5.220464219741386509e-04
7.790538912537145304e-04
5.501566139265922847e-04
6.826760902738735620e-04
5.702353224640591351e-04
7.308649907637940462e-04
5.180306802666452591e-04
4.377158461167777494e-04
5.099991968516584756e-04
6.866918319813669538e-04
8.071640832061681642e-04
4.136213958718175073e-04
8.714159505260622154e-04
7.670066661312344635e-04
3.172435948919765389e-04
8.071640832061681642e-04
3.774797205043771441e-04
5.099991968516584756e-04
3.774797205043771441e-04
3.533852702594169021e-04
8.433057585736086087e-05
1.887398602521885721e-04
8.312585334511284063e-04
5.943297727090193772e-04
2.891334029395229051e-04
5.059834551441650839e-04
3.935426873343506569e-04
4.216528792868042908e-04
5.220464219741386509e-04
4.136213958718175073e-04
4.497630712392578704e-04
6.264557063689662943e-04
4.377158461167777494e-04
3.413380451369367810e-04
4.256686209942976283e-04
3.734639787968838066e-04
3.132278531844831472e-04
2.971648863545096886e-04
2.570074692795759337e-04
7.188177656413139794e-04
1.365352180547747232e-04
6.505501566139266448e-04
5.340936470966187177e-04
6.866918319813669538e-04
1.044092843948277248e-04
6.746446068588868869e-04
4.015741707493373862e-04
8.714159505260622154e-04
5.099991968516584756e-04
7.228335073488073711e-04
3.092121114769898096e-04
2.449602441570958127e-04
2.007870853746687067e-05
5.581880973415789598e-04
2.690546944020560547e-04
7.911011163761947056e-04
3.373223034294434435e-04
6.746446068588868869e-04
3.935426873343506569e-04
2.730704361095494465e-04
7.509436993012608965e-04
6.425186731989398342e-05
7.509436993012608965e-04
6.706288651513934952e-04
4.818890048992048960e-04
5.662195807565657433e-04
5.862982892940325937e-04
5.581880973415789598e-04
1.044092843948277248e-04
5.180306802666452591e-04
7.107862822263271959e-04
2.971648863545096886e-04
8.352742751586217981e-04
2.971648863545096886e-04
4.818890048992048960e-04
5.501566139265922847e-04
4.296843627017910201e-04
5.903140310015259854e-04
6.264557063689662943e-04
4.136213958718175073e-04
5.421251305116055012e-04
5.822825475865392019e-04
3.413380451369367810e-04
1.525981848847482089e-04
6.224399646614730110e-04
4.337001044092844118e-04
7.268492490563006544e-04
8.433057585736086087e-05
2.851176612320295675e-04
3.935426873343506569e-04
1.766926351297084510e-04
3.654324953818970231e-04
3.453537868444301728e-04
1.566139265922415736e-04
3.172435948919765389e-04
3.413380451369367810e-04
6.625973817364067117e-04
3.212593365994699307e-04
1.405509597622680879e-04
4.698417797767247750e-04
7.870853746687013139e-04
6.826760902738735620e-04
3.975584290418440487e-04
2.007870853746686931e-04
4.939362300216850171e-04
8.192113083286483395e-04
6.344871897839530778e-04
6.385029314914464696e-04
5.140149385591518674e-04
6.224399646614730110e-04
3.011806280620030261e-04
4.256686209942976283e-04
6.826760902738735620e-04
7.790538912537145304e-04
5.220464219741386509e-04
2.690546944020560547e-04
3.935426873343506569e-04
6.786603485663801703e-04
5.742510641715525268e-04
5.822825475865392019e-04
4.618102963617379915e-04
5.622038390490723380e-05
2.730704361095494465e-04
7.629909244237410718e-04
5.059834551441650839e-04
5.260621636816320426e-04
3.333065617219500517e-04
5.019677134366718006e-04
7.750381495462211386e-04
4.256686209942976283e-04
3.413380451369367810e-04
5.059834551441650839e-04
3.333065617219500517e-04
3.533852702594169021e-04
4.296843627017910201e-04
3.373223034294434435e-04
3.132278531844831472e-04
5.742510641715525268e-04
2.449602441570958127e-04
6.023612561240060522e-04
6.666131234439001034e-04
1.606296682997349586e-05
6.706288651513934952e-04
4.136213958718175073e-04
1.887398602521885721e-04
3.413380451369367810e-04
6.023612561240061200e-05
3.855112039193639276e-04
6.826760902738736162e-05
3.654324953818970231e-04
1.044092843948277248e-04
6.023612561240060522e-04
6.144084812464862275e-04
5.903140310015259854e-04
4.216528792868042908e-04
3.895269456268572652e-04
3.614167536744036856e-04
6.425186731989398613e-04
4.015741707493373964e-06
5.622038390490723516e-04
8.031483414986748267e-05
4.055899124568307780e-04
7.228335073488072627e-05
4.015741707493374133e-05
3.774797205043771441e-04
3.373223034294434435e-04
1.525981848847482089e-04
3.975584290418440487e-04
2.007870853746686931e-04
4.055899124568307780e-04
4.818890048992049096e-05
3.132278531844831472e-04
1.726768934222150864e-04
4.176371375793108990e-04
5.220464219741386509e-04
5.300779053891253260e-04
2.409445024496024548e-05
4.778732631917115043e-04
2.610232109870693254e-04
6.987390571038471290e-04
2.529917275720825419e-04
2.610232109870693254e-04
4.939362300216850171e-04
5.099991968516584756e-04
3.092121114769898096e-04
6.545658983214199282e-04
3.654324953818970231e-04
4.537788129467512622e-04
4.979519717291784088e-04
3.975584290418440487e-04
4.859047466066982335e-04
3.533852702594169021e-04
6.545658983214199282e-04
4.818890048992048960e-04
4.618102963617379915e-04
4.417315878242711411e-04
2.610232109870693254e-04
5.501566139265922847e-04
1.044092843948277248e-04
5.260621636816320426e-04
3.172435948919765389e-04
4.778732631917115043e-04
4.698417797767247750e-04
6.063769978314994440e-04
4.176371375793108990e-04
3.694482370893904149e-04
5.421251305116055012e-04
1.606296682997349653e-04
3.132278531844831472e-04
3.975584290418440487e-04
7.228335073488072627e-05
1.887398602521885721e-04
3.855112039193639276e-04
6.746446068588868869e-04
6.103927395389928358e-04
5.099991968516584756e-04
2.449602441570958127e-04
3.935426873343506569e-04
7.228335073488072627e-05
3.453537868444301728e-04
5.260621636816320426e-04
4.738575214842181125e-04
3.413380451369367810e-04
6.505501566139266448e-04
1.525981848847482089e-04
1.003935426873343466e-04
3.212593365994699307e-04
3.855112039193639276e-04
2.851176612320295675e-04
3.092121114769898096e-04
1.325194763472813315e-04
3.935426873343506569e-04
4.015741707493374133e-05
4.577945546542446539e-04
4.698417797767247750e-04
3.051963697694964179e-04
4.096056541643241697e-04
1.766926351297084510e-04
6.264557063689662943e-04
2.168500522046422059e-04
5.140149385591518674e-04
2.369287607421090563e-04
7.951168580836880974e-04
4.015741707493373862e-04
4.136213958718175073e-04
2.811019195245361758e-04
4.899204883141916253e-04
2.811019195245361758e-04
4.859047466066982335e-04
3.654324953818970231e-04
5.702353224640591351e-04
5.019677134366718006e-04
6.826760902738736162e-05
4.216528792868042908e-04
2.811019195245361758e-04
3.092121114769898096e-04
3.413380451369367810e-04
3.975584290418440487e-04
2.048028270821620849e-04
5.822825475865392019e-04
3.413380451369367810e-04
4.256686209942976283e-04
5.983455144165127689e-04
5.099991968516584756e-04
3.292908200144566600e-04
3.212593365994699307e-04
2.208657939121355706e-04
1.124407678098144676e-04
4.457473295317645329e-04
2.168500522046422059e-04
4.537788129467512622e-04
2.489759858645892044e-04
4.015741707493373862e-04
1.686611517147217217e-04
3.051963697694964179e-04
1.606296682997349653e-04
6.264557063689662943e-04
4.738575214842181125e-04
1.044092843948277248e-04
3.694482370893904149e-04
3.855112039193639276e-04
1.967713436671753285e-04
4.577945546542446539e-04
4.497630712392578704e-04
2.931491446470162968e-04
6.465344149064332531e-04
4.738575214842181125e-04
3.092121114769898096e-04
3.574010119669102938e-04
5.662195807565657433e-04
3.493695285519235645e-04
8.834631756485422551e-05
1.807083768372018428e-04
2.449602441570958127e-04
3.292908200144566600e-04
1.204722512248012274e-05
3.333065617219500517e-04
1.244879929322946022e-04
5.340936470966187177e-04
3.011806280620030261e-04
4.256686209942976283e-04
1.204722512248012274e-05
3.574010119669102938e-04
3.895269456268572652e-04
2.851176612320295675e-04
2.971648863545096886e-04
2.770861778170427840e-04
2.489759858645892044e-04
2.730704361095494465e-04
1.847241185446952074e-04
2.529917275720825419e-04
1.686611517147217217e-04
3.051963697694964179e-04
4.015741707493373862e-04
2.811019195245361758e-04
2.208657939121355706e-04
3.774797205043771441e-04
3.453537868444301728e-04
4.417315878242711411e-04
2.610232109870693254e-04
3.855112039193639276e-04
2.971648863545096886e-04
3.132278531844831472e-04
6.465344149064332531e-04
4.015741707493373862e-04
2.128343104971488142e-04
4.497630712392578704e-04
4.859047466066982335e-04
5.099991968516584756e-04
3.011806280620030261e-04
5.381093888041121095e-04
4.015741707493373862e-04
4.055899124568307780e-04
4.698417797767247750e-04
4.738575214842181125e-04
2.730704361095494465e-04
3.654324953818970231e-04
5.381093888041121095e-04
3.011806280620030261e-04
3.895269456268572652e-04
1.405509597622680879e-04
1.887398602521885721e-04
2.007870853746686931e-04
3.533852702594169021e-04
1.967713436671753285e-04
3.614167536744036856e-04
3.252750783069633224e-04
2.811019195245361758e-04
4.296843627017910201e-04
2.891334029395229051e-04
2.931491446470162968e-04
1.405509597622680879e-04
3.051963697694964179e-04
3.855112039193639276e-04
4.939362300216850171e-04
4.337001044092844118e-04
2.851176612320295675e-04
2.128343104971488142e-04
1.766926351297084510e-04
4.738575214842181125e-04
3.774797205043771441e-04
2.248815356196289352e-04
3.614167536744036856e-04
2.811019195245361758e-04
4.497630712392578704e-04
1.847241185446952074e-04
2.449602441570958127e-04
3.975584290418440487e-04
4.055899124568307780e-04
3.895269456268572652e-04
4.859047466066982335e-04
2.449602441570958127e-04
2.329130190346156916e-04
5.300779053891253260e-04
3.493695285519235645e-04
4.296843627017910201e-04
1.927556019596819638e-04
3.734639787968838066e-04
3.292908200144566600e-04
4.497630712392578704e-04
3.533852702594169021e-04
4.738575214842181125e-04
5.019677134366718006e-04
1.726768934222150864e-04
3.774797205043771441e-04
2.610232109870693254e-04
4.899204883141916253e-04
1.726768934222150864e-04
3.814954622118705359e-04
2.489759858645892044e-04
3.734639787968838066e-04
4.015741707493373964e-06
8.031483414986747928e-06
2.128343104971488142e-04
3.975584290418440487e-04
3.373223034294434435e-04
4.256686209942976283e-04
4.979519717291784088e-04
4.778732631917115043e-04
8.433057585736086087e-05
1.887398602521885721e-04
5.260621636816320426e-04
4.497630712392578704e-04
4.658260380692313832e-04
1.726768934222150864e-04
6.826760902738736162e-05
1.887398602521885721e-04
6.023612561240061200e-05
1.525981848847482089e-04
3.333065617219500517e-04
4.859047466066982335e-04
4.015741707493373964e-06
2.690546944020560547e-04
4.015741707493373964e-06
5.220464219741386509e-04
3.011806280620030261e-04
3.574010119669102938e-04
4.055899124568307780e-04
4.939362300216850171e-04
1.807083768372018428e-04
2.811019195245361758e-04
3.614167536744036856e-04
1.124407678098144676e-04
1.285037346397879668e-04
2.529917275720825419e-04
3.734639787968838066e-04
2.650389526945626630e-04
4.658260380692313832e-04
3.252750783069633224e-04
3.654324953818970231e-04
3.614167536744036856e-04
1.807083768372018428e-04
2.770861778170427840e-04
4.859047466066982335e-04
3.373223034294434435e-04
5.220464219741386238e-05
3.814954622118705359e-04
4.055899124568307780e-04
2.128343104971488142e-04
1.525981848847482089e-04
1.967713436671753285e-04
3.814954622118705359e-04
4.096056541643241697e-04
3.814954622118705359e-04
2.730704361095494465e-04
1.927556019596819638e-04
3.493695285519235645e-04
1.766926351297084510e-04
4.818890048992048960e-04
3.252750783069633224e-04
2.288972773271223270e-04
1.766926351297084510e-04
3.614167536744036856e-04
2.770861778170427840e-04
1.967713436671753285e-04
3.212593365994699171e-05
3.132278531844831472e-04
1.003935426873343466e-04
4.778732631917115043e-04
1.887398602521885721e-04
2.770861778170427840e-04
1.285037346397879668e-04
4.015741707493373964e-06
1.967713436671753285e-04
3.453537868444301728e-04
2.208657939121355706e-04
1.003935426873343466e-04
1.967713436671753285e-04
2.650389526945626630e-04
3.132278531844831472e-04
4.015741707493374133e-05
7.629909244237410447e-05
1.887398602521885721e-04
8.031483414986747928e-06
2.891334029395229051e-04
4.015741707493374133e-05
3.654324953818970231e-04
1.847241185446952074e-04
3.533852702594169021e-04
2.369287607421090563e-04
2.931491446470162968e-04
1.405509597622680879e-04
4.577945546542446539e-04
2.730704361095494465e-04
5.019677134366718006e-04
1.405509597622680879e-04
5.059834551441650839e-04
2.449602441570958127e-04
2.048028270821620849e-04
2.811019195245361758e-04
3.694482370893904149e-04
4.778732631917115043e-04
2.610232109870693254e-04
4.377158461167777494e-04
2.128343104971488142e-04
2.529917275720825419e-04
2.610232109870693254e-04
3.212593365994699307e-04
2.048028270821620849e-04
2.168500522046422059e-04
4.216528792868042908e-04
3.092121114769898096e-04
4.055899124568307780e-04
3.654324953818970231e-04
1.084250261023211030e-04
2.369287607421090563e-04
4.979519717291784088e-04
2.489759858645892044e-04
4.096056541643241697e-04
2.770861778170427840e-04
1.445667014697614525e-04
1.124407678098144676e-04
1.285037346397879668e-04
1.084250261023211030e-04
3.895269456268572652e-04
2.690546944020560547e-04
2.449602441570958127e-04
2.811019195245361690e-05
2.168500522046422059e-04
4.015741707493373862e-04
3.493695285519235645e-04
4.417315878242711276e-05
4.096056541643241697e-04
4.577945546542446539e-04
3.051963697694964179e-04
2.248815356196289352e-04
1.204722512248012274e-05
3.212593365994699307e-04
3.333065617219500517e-04
1.887398602521885721e-04
2.489759858645892044e-04
1.525981848847482089e-04
1.525981848847482089e-04
1.204722512248012240e-04
3.814954622118705359e-04
3.092121114769898096e-04
2.650389526945626630e-04
2.770861778170427840e-04
4.537788129467512622e-04
3.614167536744036313e-05
2.650389526945626630e-04
1.606296682997349653e-04
3.935426873343506569e-04
3.975584290418440487e-04
1.686611517147217217e-04
3.413380451369367810e-04
1.325194763472813315e-04
2.449602441570958127e-04
3.172435948919765389e-04
2.650389526945626630e-04
1.967713436671753285e-04
1.887398602521885721e-04
2.650389526945626630e-04
3.252750783069633224e-04
2.409445024496024480e-04
3.252750783069633224e-04
2.570074692795759337e-04
2.128343104971488142e-04
2.168500522046422059e-04
4.337001044092844118e-04
1.606296682997349653e-04
8.031483414986748267e-05
2.048028270821620849e-04
3.855112039193639276e-04
3.051963697694964179e-04
4.537788129467512622e-04
5.220464219741386238e-05
1.003935426873343466e-04
2.208657939121355706e-04
2.208657939121355706e-04
2.128343104971488142e-04
1.807083768372018428e-04
1.686611517147217217e-04
2.409445024496024480e-04
1.365352180547747232e-04
1.726768934222150864e-04
2.690546944020560547e-04
1.084250261023211030e-04
2.288972773271223270e-04
3.212593365994699307e-04
4.417315878242711276e-05
2.971648863545096886e-04
2.730704361095494465e-04
3.212593365994699171e-05
2.449602441570958127e-04
4.337001044092844118e-04
3.734639787968838066e-04
2.248815356196289352e-04
2.730704361095494465e-04
2.650389526945626630e-04
2.770861778170427840e-04
1.847241185446952074e-04
1.244879929322946022e-04
2.851176612320295675e-04
1.566139265922415736e-04
3.252750783069633224e-04
1.646454100072283300e-04
3.212593365994699307e-04
2.409445024496024548e-05
1.525981848847482089e-04
7.629909244237410447e-05
3.132278531844831472e-04
2.128343104971488142e-04
3.333065617219500517e-04
2.650389526945626630e-04
9.236205927234760371e-05
3.574010119669102938e-04
1.164565095173078458e-04
2.048028270821620849e-04
1.164565095173078458e-04
7.228335073488072627e-05
1.766926351297084510e-04
1.164565095173078458e-04
3.533852702594169021e-04
3.734639787968838066e-04
3.614167536744036313e-05
1.124407678098144676e-04
8.031483414986747928e-06
1.686611517147217217e-04
5.622038390490723380e-05
4.096056541643241697e-04
3.734639787968838066e-04
2.048028270821620849e-04
1.244879929322946022e-04
3.212593365994699307e-04
2.529917275720825419e-04
2.851176612320295675e-04
1.566139265922415736e-04
1.606296682997349653e-04
2.409445024496024480e-04
2.770861778170427840e-04
2.329130190346156916e-04
9.637780097984098191e-05
2.610232109870693254e-04
1.124407678098144676e-04
2.529917275720825419e-04
2.891334029395229051e-04
2.690546944020560547e-04
2.489759858645892044e-04
1.766926351297084510e-04
6.425186731989398342e-05
8.031483414986748267e-05
2.770861778170427840e-04
4.216528792868042908e-04
2.449602441570958127e-04
1.646454100072283300e-04
6.425186731989398342e-05
1.365352180547747232e-04
2.208657939121355706e-04
2.971648863545096886e-04
1.726768934222150864e-04
3.654324953818970231e-04
2.007870853746686931e-04
2.811019195245361758e-04
1.124407678098144676e-04
2.208657939121355706e-04
3.373223034294434435e-04
2.088185687896554495e-04
2.610232109870693254e-04
1.847241185446952074e-04
2.529917275720825419e-04
4.015741707493373964e-06
2.931491446470162968e-04
2.369287607421090563e-04
2.168500522046422059e-04
1.285037346397879668e-04
4.256686209942976283e-04
3.051963697694964179e-04
1.606296682997349653e-04
2.489759858645892044e-04
1.566139265922415736e-04
1.847241185446952074e-04
1.686611517147217217e-04
2.529917275720825419e-04
3.051963697694964179e-04
1.525981848847482089e-04
2.851176612320295675e-04
2.048028270821620849e-04
2.449602441570958127e-04
2.811019195245361758e-04
1.566139265922415736e-04
2.007870853746686931e-04
1.003935426873343466e-04
1.204722512248012274e-05
2.891334029395229051e-04
3.252750783069633224e-04
3.533852702594169021e-04
1.766926351297084510e-04
2.770861778170427840e-04
1.606296682997349653e-04
3.373223034294434435e-04
2.931491446470162968e-04
9.236205927234760371e-05
1.365352180547747232e-04
3.132278531844831472e-04
3.614167536744036313e-05
2.007870853746686931e-04
1.566139265922415736e-04
2.248815356196289352e-04
1.485824431772548443e-04
2.770861778170427840e-04
2.128343104971488142e-04
3.935426873343506569e-04
8.433057585736086087e-05
3.333065617219500517e-04
2.690546944020560547e-04
3.292908200144566600e-04
3.373223034294434435e-04
4.939362300216850171e-04
2.088185687896554495e-04
1.084250261023211030e-04
3.092121114769898096e-04
1.766926351297084510e-04
4.015741707493373862e-04
3.533852702594169021e-04
1.686611517147217217e-04
8.834631756485422551e-05
1.204722512248012274e-05
2.449602441570958127e-04
2.489759858645892044e-04
1.847241185446952074e-04
1.485824431772548443e-04
2.570074692795759337e-04
1.646454100072283300e-04
1.525981848847482089e-04
4.015741707493373964e-06
2.007870853746686931e-04
2.248815356196289352e-04
3.533852702594169021e-04
4.015741707493373964e-06
3.292908200144566600e-04
2.529917275720825419e-04
1.525981848847482089e-04
2.851176612320295675e-04
2.329130190346156916e-04
2.409445024496024480e-04
2.811019195245361758e-04
2.409445024496024480e-04
2.891334029395229051e-04
2.489759858645892044e-04
1.325194763472813315e-04
2.690546944020560547e-04
7.629909244237410447e-05
4.417315878242711276e-05
1.485824431772548443e-04
2.288972773271223270e-04
1.927556019596819638e-04
1.686611517147217217e-04
4.015741707493373964e-06
2.690546944020560547e-04
8.031483414986748267e-05
2.449602441570958127e-04
2.128343104971488142e-04
2.570074692795759337e-04
1.887398602521885721e-04
3.614167536744036313e-05
2.088185687896554495e-04
2.409445024496024480e-04
6.826760902738736162e-05
2.690546944020560547e-04
1.445667014697614525e-04
1.646454100072283300e-04
2.007870853746686931e-04
1.967713436671753285e-04
2.730704361095494465e-04
2.128343104971488142e-04
1.967713436671753285e-04
2.007870853746687067e-05
2.369287607421090563e-04
1.525981848847482089e-04
2.369287607421090563e-04
2.369287607421090563e-04
1.726768934222150864e-04
2.329130190346156916e-04
2.208657939121355706e-04
3.252750783069633224e-04
9.637780097984098191e-05
3.333065617219500517e-04
1.485824431772548443e-04
1.807083768372018428e-04
1.525981848847482089e-04
1.726768934222150864e-04
1.606296682997349586e-05
3.574010119669102938e-04
2.088185687896554495e-04
1.405509597622680879e-04
1.285037346397879668e-04
2.208657939121355706e-04
2.208657939121355706e-04
2.811019195245361758e-04
2.811019195245361690e-05
2.449602441570958127e-04
2.409445024496024480e-04
2.007870853746686931e-04
2.489759858645892044e-04
3.092121114769898096e-04
2.971648863545096886e-04
2.007870853746686931e-04
4.296843627017910201e-04
2.007870853746686931e-04
2.409445024496024480e-04
2.489759858645892044e-04
3.212593365994699171e-05
2.369287607421090563e-04
1.726768934222150864e-04
2.891334029395229051e-04
2.128343104971488142e-04
1.003935426873343466e-04
8.834631756485422551e-05
2.369287607421090563e-04
1.887398602521885721e-04
2.931491446470162968e-04
1.606296682997349653e-04
1.606296682997349653e-04
1.566139265922415736e-04
4.015741707493373964e-06
7.629909244237410447e-05
2.088185687896554495e-04
1.003935426873343466e-04
1.164565095173078458e-04
3.252750783069633224e-04
8.031483414986748267e-05
1.204722512248012240e-04
3.694482370893904149e-04
2.690546944020560547e-04
4.015741707493373964e-06
1.566139265922415736e-04
1.686611517147217217e-04
2.690546944020560547e-04
2.529917275720825419e-04
6.425186731989398342e-05
2.007870853746686931e-04
2.409445024496024480e-04
1.445667014697614525e-04
1.807083768372018428e-04
2.570074692795759337e-04
1.847241185446952074e-04
7.629909244237410447e-05
6.023612561240061200e-05
1.847241185446952074e-04
2.529917275720825419e-04
3.092121114769898096e-04
1.927556019596819638e-04
2.811019195245361758e-04
1.003935426873343466e-04
1.967713436671753285e-04
3.051963697694964179e-04
3.413380451369367810e-04
1.525981848847482089e-04
2.369287607421090563e-04
2.730704361095494465e-04
2.409445024496024480e-04
1.887398602521885721e-04
1.244879929322946022e-04
1.044092843948277248e-04
2.048028270821620849e-04
2.088185687896554495e-04
2.489759858645892044e-04
3.051963697694964179e-04
2.730704361095494465e-04
8.031483414986748267e-05
8.834631756485422551e-05
9.637780097984098191e-05
9.236205927234760371e-05
1.566139265922415736e-04
1.927556019596819638e-04
2.248815356196289352e-04
2.168500522046422059e-04
2.489759858645892044e-04
2.489759858645892044e-04
2.048028270821620849e-04
2.489759858645892044e-04
2.048028270821620849e-04
2.489759858645892044e-04
1.525981848847482089e-04
2.088185687896554495e-04
2.529917275720825419e-04
1.766926351297084510e-04
1.807083768372018428e-04
6.425186731989398342e-05
2.851176612320295675e-04
2.248815356196289352e-04
2.971648863545096886e-04
1.445667014697614525e-04
1.445667014697614525e-04
1.566139265922415736e-04
2.369287607421090563e-04
4.818890048992049096e-05
1.325194763472813315e-04
2.369287607421090563e-04
1.365352180547747232e-04
1.967713436671753285e-04
2.288972773271223270e-04
2.690546944020560547e-04
1.124407678098144676e-04
2.208657939121355706e-04
3.172435948919765389e-04
1.244879929322946022e-04
3.011806280620030261e-04
1.726768934222150864e-04
7.228335073488072627e-05
1.726768934222150864e-04
8.834631756485422551e-05
3.413380451369367810e-04
1.887398602521885721e-04
3.011806280620030261e-04
1.646454100072283300e-04
2.088185687896554495e-04
1.084250261023211030e-04
8.433057585736086087e-05
1.646454100072283300e-04
1.686611517147217217e-04
1.887398602521885721e-04
2.048028270821620849e-04
2.449602441570958127e-04
1.204722512248012240e-04
1.325194763472813315e-04
8.031483414986748267e-05
1.164565095173078458e-04
7.228335073488072627e-05
1.204722512248012274e-05
9.236205927234760371e-05
2.007870853746686931e-04
1.967713436671753285e-04
1.164565095173078458e-04
2.851176612320295675e-04
2.369287607421090563e-04
1.887398602521885721e-04
1.003935426873343466e-04
1.847241185446952074e-04
1.365352180547747232e-04
5.220464219741386238e-05
2.851176612320295675e-04
2.168500522046422059e-04
1.566139265922415736e-04
1.847241185446952074e-04
1.365352180547747232e-04
1.164565095173078458e-04
2.489759858645892044e-04
8.433057585736086087e-05
1.204722512248012240e-04
4.015741707493373964e-06
1.485824431772548443e-04
1.927556019596819638e-04
1.606296682997349653e-04
1.887398602521885721e-04
6.425186731989398342e-05
1.445667014697614525e-04
2.529917275720825419e-04
1.164565095173078458e-04
4.417315878242711276e-05
1.887398602521885721e-04
2.208657939121355706e-04
9.236205927234760371e-05
2.529917275720825419e-04
1.766926351297084510e-04
1.566139265922415736e-04
1.325194763472813315e-04
3.092121114769898096e-04
3.092121114769898096e-04
1.204722512248012240e-04
1.807083768372018428e-04
2.409445024496024480e-04
2.851176612320295675e-04
3.011806280620030261e-04
1.606296682997349653e-04
4.818890048992049096e-05
1.325194763472813315e-04
2.489759858645892044e-04
2.409445024496024480e-04
1.164565095173078458e-04
1.285037346397879668e-04
2.208657939121355706e-04
1.646454100072283300e-04
1.646454100072283300e-04
2.851176612320295675e-04
5.220464219741386238e-05
1.244879929322946022e-04
2.770861778170427840e-04
1.325194763472813315e-04
2.529917275720825419e-04
1.325194763472813315e-04
2.891334029395229051e-04
7.228335073488072627e-05
2.449602441570958127e-04
2.248815356196289352e-04
6.425186731989398342e-05
1.847241185446952074e-04
2.208657939121355706e-04
1.646454100072283300e-04
1.405509597622680879e-04
2.208657939121355706e-04
1.927556019596819638e-04
1.686611517147217217e-04
4.015741707493373964e-06
2.529917275720825419e-04
2.007870853746686931e-04
2.610232109870693254e-04
2.329130190346156916e-04
2.208657939121355706e-04
6.425186731989398342e-05
1.485824431772548443e-04
1.405509597622680879e-04
1.967713436671753285e-04
2.449602441570958127e-04
1.847241185446952074e-04
4.417315878242711276e-05
1.927556019596819638e-04
1.606296682997349653e-04
2.489759858645892044e-04
1.967713436671753285e-04
1.726768934222150864e-04
1.967713436671753285e-04
7.228335073488072627e-05
1.525981848847482089e-04
1.847241185446952074e-04
8.031483414986748267e-05
1.525981848847482089e-04
2.449602441570958127e-04
5.220464219741386238e-05
1.204722512248012240e-04
1.807083768372018428e-04
3.212593365994699171e-05
8.834631756485422551e-05
2.208657939121355706e-04
1.927556019596819638e-04
1.606296682997349653e-04
2.168500522046422059e-04
1.044092843948277248e-04
2.529917275720825419e-04
8.031483414986747928e-06
2.128343104971488142e-04
2.489759858645892044e-04
1.566139265922415736e-04
2.007870853746687067e-05
7.629909244237410447e-05
2.770861778170427840e-04
2.007870853746686931e-04
2.610232109870693254e-04
1.164565095173078458e-04
1.686611517147217217e-04
1.887398602521885721e-04
3.614167536744036313e-05
1.204722512248012240e-04
2.409445024496024548e-05
2.931491446470162968e-04
2.128343104971488142e-04
2.288972773271223270e-04
6.425186731989398342e-05
7.228335073488072627e-05
4.417315878242711276e-05
1.967713436671753285e-04
1.325194763472813315e-04
1.405509597622680879e-04
2.168500522046422059e-04
2.168500522046422059e-04
7.629909244237410447e-05
2.730704361095494465e-04
1.766926351297084510e-04
1.927556019596819638e-04
2.891334029395229051e-04
2.007870853746686931e-04
1.525981848847482089e-04
1.766926351297084510e-04
1.164565095173078458e-04
1.124407678098144676e-04
7.228335073488072627e-05
1.967713436671753285e-04
2.570074692795759337e-04
1.244879929322946022e-04
2.007870853746686931e-04
1.686611517147217217e-04
2.128343104971488142e-04
2.529917275720825419e-04
1.606296682997349586e-05
6.425186731989398342e-05
1.766926351297084510e-04
1.766926351297084510e-04
2.570074692795759337e-04
1.646454100072283300e-04
5.220464219741386238e-05
1.606296682997349653e-04
9.236205927234760371e-05
1.003935426873343466e-04
2.007870853746687067e-05
1.887398602521885721e-04
2.048028270821620849e-04
2.288972773271223270e-04
1.124407678098144676e-04
2.248815356196289352e-04
2.811019195245361758e-04
1.566139265922415736e-04
9.236205927234760371e-05
6.023612561240061200e-05
1.485824431772548443e-04
8.433057585736086087e-05
8.031483414986747928e-06
2.088185687896554495e-04
8.031483414986747928e-06
1.285037346397879668e-04
7.228335073488072627e-05
1.766926351297084510e-04
2.128343104971488142e-04
1.646454100072283300e-04
1.847241185446952074e-04
1.847241185446952074e-04
2.048028270821620849e-04
2.208657939121355706e-04
1.244879929322946022e-04
2.529917275720825419e-04
1.084250261023211030e-04
6.826760902738736162e-05
1.606296682997349653e-04
1.967713436671753285e-04
2.088185687896554495e-04
1.807083768372018428e-04
5.622038390490723380e-05
2.248815356196289352e-04
1.847241185446952074e-04
5.622038390490723380e-05
1.686611517147217217e-04
2.128343104971488142e-04
2.730704361095494465e-04
3.614167536744036313e-05
1.445667014697614525e-04
1.606296682997349653e-04
1.726768934222150864e-04
3.212593365994699171e-05
2.048028270821620849e-04
2.168500522046422059e-04
1.003935426873343466e-04
2.048028270821620849e-04
2.811019195245361690e-05
2.610232109870693254e-04
1.726768934222150864e-04
1.686611517147217217e-04
1.325194763472813315e-04
1.244879929322946022e-04
6.826760902738736162e-05
1.485824431772548443e-04
1.887398602521885721e-04
3.212593365994699171e-05
2.088185687896554495e-04
2.088185687896554495e-04
2.168500522046422059e-04
8.031483414986747928e-06
2.288972773271223270e-04
7.629909244237410447e-05
1.365352180547747232e-04
1.927556019596819638e-04
2.489759858645892044e-04
2.811019195245361690e-05
1.204722512248012240e-04
1.686611517147217217e-04
2.007870853746687067e-05
1.124407678098144676e-04
2.288972773271223270e-04
1.646454100072283300e-04
2.048028270821620849e-04
1.887398602521885721e-04
1.084250261023211030e-04
1.164565095173078458e-04
4.015741707493374133e-05
2.007870853746687067e-05
1.807083768372018428e-04
2.088185687896554495e-04
1.606296682997349586e-05
1.566139265922415736e-04
2.811019195245361690e-05
2.329130190346156916e-04
1.887398602521885721e-04
1.927556019596819638e-04
1.686611517147217217e-04
2.409445024496024480e-04
1.887398602521885721e-04
1.164565095173078458e-04
5.220464219741386238e-05
1.084250261023211030e-04
2.288972773271223270e-04
4.818890048992049096e-05
1.405509597622680879e-04
3.212593365994699171e-05
1.244879929322946022e-04
1.365352180547747232e-04
1.244879929322946022e-04
1.244879929322946022e-04
8.433057585736086087e-05
1.285037346397879668e-04
1.204722512248012240e-04
1.485824431772548443e-04
1.124407678098144676e-04
1.887398602521885721e-04
9.236205927234760371e-05
1.847241185446952074e-04
1.847241185446952074e-04
1.847241185446952074e-04
2.248815356196289352e-04
2.007870853746686931e-04
3.614167536744036313e-05
2.208657939121355706e-04
1.646454100072283300e-04
2.208657939121355706e-04
1.807083768372018428e-04
2.048028270821620849e-04
1.485824431772548443e-04
8.433057585736086087e-05
1.325194763472813315e-04
2.128343104971488142e-04
1.766926351297084510e-04
8.834631756485422551e-05
4.015741707493373964e-06
1.485824431772548443e-04
1.766926351297084510e-04
1.204722512248012240e-04
2.168500522046422059e-04
2.248815356196289352e-04
1.807083768372018428e-04
2.088185687896554495e-04
1.566139265922415736e-04
2.007870853746687067e-05
9.637780097984098191e-05
1.807083768372018428e-04
1.365352180547747232e-04
1.124407678098144676e-04
1.244879929322946022e-04
1.606296682997349586e-05
1.606296682997349653e-04
1.807083768372018428e-04
1.927556019596819638e-04
4.417315878242711276e-05
2.007870853746687067e-05
2.208657939121355706e-04
1.606296682997349586e-05
5.622038390490723380e-05
1.606296682997349653e-04
1.405509597622680879e-04
4.015741707493373964e-06
1.244879929322946022e-04
9.637780097984098191e-05
1.445667014697614525e-04
1.807083768372018428e-04
1.686611517147217217e-04
6.023612561240061200e-05
1.485824431772548443e-04
1.445667014697614525e-04
2.007870853746687067e-05
4.818890048992049096e-05
1.566139265922415736e-04
8.433057585736086087e-05
2.007870853746687067e-05
2.369287607421090563e-04
2.811019195245361690e-05
1.365352180547747232e-04
2.329130190346156916e-04
1.525981848847482089e-04
2.208657939121355706e-04
1.887398602521885721e-04
8.031483414986748267e-05
2.409445024496024548e-05
2.208657939121355706e-04
2.007870853746687067e-05
1.445667014697614525e-04
2.007870853746687067e-05
4.015741707493374133e-05
1.405509597622680879e-04
6.023612561240061200e-05
8.433057585736086087e-05
1.445667014697614525e-04
4.015741707493373964e-06
2.208657939121355706e-04
1.646454100072283300e-04
1.124407678098144676e-04
1.646454100072283300e-04
1.606296682997349653e-04
2.048028270821620849e-04
1.887398602521885721e-04
1.204722512248012240e-04
1.807083768372018428e-04
9.637780097984098191e-05
1.646454100072283300e-04
2.007870853746686931e-04
1.807083768372018428e-04
4.417315878242711276e-05
1.766926351297084510e-04
1.566139265922415736e-04
2.128343104971488142e-04
1.164565095173078458e-04
8.834631756485422551e-05
1.003935426873343466e-04
1.244879929322946022e-04
6.023612561240061200e-05
5.220464219741386238e-05
6.023612561240061200e-05
1.204722512248012240e-04
1.525981848847482089e-04
1.525981848847482089e-04
1.686611517147217217e-04
2.088185687896554495e-04
2.409445024496024548e-05
4.015741707493373964e-06
8.433057585736086087e-05
1.646454100072283300e-04
1.124407678098144676e-04
1.887398602521885721e-04
1.244879929322946022e-04
8.031483414986747928e-06
8.834631756485422551e-05
1.606296682997349653e-04
1.204722512248012274e-05
1.686611517147217217e-04
1.204722512248012274e-05
2.811019195245361690e-05
7.629909244237410447e-05
2.048028270821620849e-04
1.525981848847482089e-04
2.208657939121355706e-04
2.570074692795759337e-04
2.048028270821620849e-04
5.622038390490723380e-05
1.084250261023211030e-04
8.031483414986748267e-05
1.445667014697614525e-04
2.329130190346156916e-04
1.044092843948277248e-04
1.566139265922415736e-04
1.325194763472813315e-04
8.031483414986747928e-06
1.726768934222150864e-04
1.967713436671753285e-04
1.485824431772548443e-04
1.686611517147217217e-04
1.606296682997349653e-04
2.369287607421090563e-04
1.485824431772548443e-04
2.007870853746686931e-04
1.445667014697614525e-04
1.606296682997349586e-05
2.248815356196289352e-04
1.726768934222150864e-04
1.525981848847482089e-04
1.204722512248012274e-05
1.606296682997349653e-04
1.766926351297084510e-04
1.485824431772548443e-04
1.124407678098144676e-04
8.433057585736086087e-05
1.485824431772548443e-04
1.646454100072283300e-04
1.807083768372018428e-04
9.236205927234760371e-05
6.826760902738736162e-05
1.887398602521885721e-04
1.365352180547747232e-04
1.566139265922415736e-04
1.646454100072283300e-04
1.646454100072283300e-04
2.128343104971488142e-04
1.204722512248012240e-04
1.967713436671753285e-04
1.244879929322946022e-04
4.818890048992049096e-05
2.128343104971488142e-04
2.128343104971488142e-04
1.325194763472813315e-04
2.007870853746687067e-05
6.826760902738736162e-05
7.629909244237410447e-05
1.124407678098144676e-04
4.015741707493374133e-05
1.003935426873343466e-04
1.204722512248012240e-04
1.686611517147217217e-04
2.048028270821620849e-04
6.826760902738736162e-05
8.031483414986747928e-06
1.204722512248012240e-04
1.967713436671753285e-04
2.409445024496024480e-04
1.766926351297084510e-04
5.622038390490723380e-05
1.405509597622680879e-04
4.015741707493373964e-06
1.164565095173078458e-04
1.766926351297084510e-04
5.622038390490723380e-05
1.164565095173078458e-04
5.220464219741386238e-05
1.244879929322946022e-04
2.128343104971488142e-04
8.031483414986747928e-06
1.606296682997349653e-04
1.847241185446952074e-04
1.405509597622680879e-04
1.044092843948277248e-04
1.847241185446952074e-04
1.365352180547747232e-04
9.637780097984098191e-05
2.048028270821620849e-04
2.811019195245361690e-05
1.204722512248012240e-04
1.847241185446952074e-04
1.887398602521885721e-04
1.766926351297084510e-04
1.525981848847482089e-04
9.637780097984098191e-05
1.003935426873343466e-04
1.445667014697614525e-04
2.088185687896554495e-04
1.566139265922415736e-04
1.044092843948277248e-04
8.031483414986748267e-05
4.015741707493373964e-06
9.236205927234760371e-05
1.204722512248012240e-04
1.485824431772548443e-04
1.525981848847482089e-04
2.007870853746687067e-05
1.726768934222150864e-04
1.244879929322946022e-04
1.325194763472813315e-04
1.807083768372018428e-04
1.887398602521885721e-04
1.405509597622680879e-04
6.425186731989398342e-05
9.637780097984098191e-05
2.088185687896554495e-04
1.927556019596819638e-04
6.826760902738736162e-05
1.766926351297084510e-04
1.766926351297084510e-04
6.826760902738736162e-05
3.614167536744036313e-05
1.525981848847482089e-04
1.525981848847482089e-04
1.606296682997349586e-05
1.003935426873343466e-04
4.015741707493374133e-05
1.204722512248012274e-05
1.244879929322946022e-04
5.220464219741386238e-05
1.525981848847482089e-04
1.766926351297084510e-04
1.927556019596819638e-04
1.807083768372018428e-04
9.637780097984098191e-05
1.686611517147217217e-04
8.031483414986748267e-05
8.031483414986748267e-05
9.236205927234760371e-05
1.927556019596819638e-04
1.726768934222150864e-04
1.887398602521885721e-04
2.128343104971488142e-04
1.646454100072283300e-04
1.044092843948277248e-04
3.614167536744036313e-05
1.646454100072283300e-04
9.236205927234760371e-05
4.417315878242711276e-05
8.433057585736086087e-05
2.088185687896554495e-04
1.124407678098144676e-04
1.485824431772548443e-04
8.433057585736086087e-05
6.023612561240061200e-05
4.015741707493373964e-06
2.811019195245361690e-05
5.220464219741386238e-05
1.084250261023211030e-04
1.044092843948277248e-04
1.204722512248012240e-04
1.003935426873343466e-04
1.726768934222150864e-04
1.204722512248012240e-04
5.220464219741386238e-05
1.927556019596819638e-04
1.967713436671753285e-04
7.629909244237410447e-05
1.365352180547747232e-04
1.686611517147217217e-04
1.285037346397879668e-04
1.003935426873343466e-04
1.485824431772548443e-04
1.766926351297084510e-04
6.826760902738736162e-05
8.834631756485422551e-05
1.606296682997349653e-04
1.003935426873343466e-04
4.417315878242711276e-05
2.128343104971488142e-04
4.417315878242711276e-05
1.686611517147217217e-04
1.285037346397879668e-04
1.686611517147217217e-04
8.433057585736086087e-05
1.525981848847482089e-04
2.811019195245361690e-05
2.329130190346156916e-04
1.847241185446952074e-04
2.409445024496024548e-05
1.204722512248012240e-04
4.818890048992049096e-05
1.445667014697614525e-04
1.445667014697614525e-04
1.084250261023211030e-04
1.485824431772548443e-04
1.124407678098144676e-04
1.003935426873343466e-04
3.614167536744036313e-05
1.244879929322946022e-04
1.967713436671753285e-04
7.228335073488072627e-05
1.003935426873343466e-04
1.726768934222150864e-04
1.485824431772548443e-04
1.566139265922415736e-04
1.525981848847482089e-04
2.007870853746686931e-04
1.646454100072283300e-04
1.405509597622680879e-04
8.834631756485422551e-05
4.818890048992049096e-05
1.204722512248012240e-04
4.417315878242711276e-05
3.614167536744036313e-05
1.285037346397879668e-04
1.044092843948277248e-04
1.365352180547747232e-04
5.220464219741386238e-05
1.766926351297084510e-04
1.847241185446952074e-04
9.236205927234760371e-05
4.818890048992049096e-05
1.606296682997349653e-04
8.031483414986748267e-05
2.811019195245361690e-05
4.015741707493373964e-06
7.228335073488072627e-05
8.433057585736086087e-05
5.220464219741386238e-05
1.445667014697614525e-04
6.023612561240061200e-05
1.003935426873343466e-04
5.622038390490723380e-05
1.485824431772548443e-04
1.003935426873343466e-04
8.433057585736086087e-05
1.285037346397879668e-04
1.445667014697614525e-04
9.236205927234760371e-05
1.606296682997349653e-04
1.525981848847482089e-04
1.847241185446952074e-04
1.606296682997349653e-04
1.445667014697614525e-04
1.204722512248012240e-04
1.646454100072283300e-04
1.365352180547747232e-04
1.726768934222150864e-04
7.629909244237410447e-05
1.204722512248012240e-04
4.818890048992049096e-05
1.325194763472813315e-04
4.015741707493373964e-06
1.325194763472813315e-04
1.325194763472813315e-04
1.405509597622680879e-04
1.365352180547747232e-04
8.433057585736086087e-05
1.365352180547747232e-04
7.228335073488072627e-05
1.445667014697614525e-04
1.204722512248012240e-04
8.834631756485422551e-05
1.807083768372018428e-04
1.686611517147217217e-04
1.606296682997349653e-04
1.405509597622680879e-04
1.325194763472813315e-04
1.204722512248012274e-05
1.847241185446952074e-04
8.031483414986748267e-05
1.084250261023211030e-04
1.124407678098144676e-04
4.015741707493374133e-05
9.637780097984098191e-05
1.003935426873343466e-04
1.244879929322946022e-04
4.417315878242711276e-05
1.606296682997349653e-04
1.204722512248012240e-04
4.818890048992049096e-05
2.007870853746687067e-05
2.409445024496024548e-05
1.646454100072283300e-04
5.622038390490723380e-05
1.485824431772548443e-04
1.445667014697614525e-04
1.566139265922415736e-04
5.622038390490723380e-05
2.811019195245361690e-05
6.826760902738736162e-05
1.365352180547747232e-04
1.084250261023211030e-04
1.566139265922415736e-04
7.629909244237410447e-05
1.525981848847482089e-04
1.204722512248012240e-04
8.031483414986748267e-05
7.629909244237410447e-05
4.417315878242711276e-05
1.566139265922415736e-04
1.164565095173078458e-04
1.405509597622680879e-04
1.606296682997349586e-05
5.220464219741386238e-05
4.818890048992049096e-05
1.646454100072283300e-04
1.847241185446952074e-04
1.887398602521885721e-04
1.807083768372018428e-04
8.834631756485422551e-05
1.204722512248012274e-05
3.614167536744036313e-05
1.285037346397879668e-04
1.847241185446952074e-04
1.927556019596819638e-04
1.606296682997349653e-04
6.425186731989398342e-05
1.807083768372018428e-04
1.485824431772548443e-04
1.084250261023211030e-04
4.015741707493373964e-06
4.015741707493373964e-06
1.485824431772548443e-04
4.015741707493373964e-06
1.244879929322946022e-04
1.405509597622680879e-04
4.417315878242711276e-05
1.445667014697614525e-04
7.228335073488072627e-05
7.629909244237410447e-05
6.826760902738736162e-05
4.417315878242711276e-05
1.084250261023211030e-04
1.084250261023211030e-04
1.204722512248012240e-04
1.044092843948277248e-04
3.212593365994699171e-05
1.084250261023211030e-04
9.236205927234760371e-05
1.003935426873343466e-04
8.031483414986748267e-05
1.084250261023211030e-04
6.023612561240061200e-05
1.285037346397879668e-04
3.614167536744036313e-05
4.818890048992049096e-05
1.686611517147217217e-04
1.365352180547747232e-04
4.818890048992049096e-05
1.204722512248012240e-04
7.629909244237410447e-05
1.285037346397879668e-04
3.614167536744036313e-05
8.031483414986748267e-05
1.646454100072283300e-04
1.445667014697614525e-04
8.433057585736086087e-05
1.325194763472813315e-04
1.686611517147217217e-04
2.409445024496024548e-05
1.566139265922415736e-04
5.220464219741386238e-05
1.606296682997349653e-04
8.834631756485422551e-05
1.525981848847482089e-04
1.003935426873343466e-04
1.325194763472813315e-04
1.485824431772548443e-04
1.445667014697614525e-04
1.445667014697614525e-04
1.365352180547747232e-04
2.409445024496024548e-05
9.637780097984098191e-05
9.236205927234760371e-05
5.622038390490723380e-05
1.244879929322946022e-04
1.285037346397879668e-04
1.445667014697614525e-04
1.124407678098144676e-04
1.405509597622680879e-04
1.405509597622680879e-04
1.003935426873343466e-04
3.614167536744036313e-05
1.766926351297084510e-04
1.606296682997349653e-04
9.637780097984098191e-05
8.834631756485422551e-05
2.409445024496024548e-05
8.031483414986748267e-05
1.285037346397879668e-04
4.015741707493373964e-06
8.433057585736086087e-05
1.405509597622680879e-04
1.405509597622680879e-04
1.606296682997349586e-05
2.409445024496024548e-05
1.525981848847482089e-04
9.236205927234760371e-05
3.212593365994699171e-05
4.818890048992049096e-05
1.686611517147217217e-04
2.409445024496024548e-05
6.425186731989398342e-05
1.164565095173078458e-04
1.365352180547747232e-04
2.409445024496024548e-05
1.726768934222150864e-04
7.228335073488072627e-05
1.405509597622680879e-04
1.084250261023211030e-04
1.244879929322946022e-04
9.236205927234760371e-05
1.726768934222150864e-04
1.204722512248012274e-05
1.124407678098144676e-04
1.204722512248012240e-04
1.084250261023211030e-04
1.044092843948277248e-04
2.409445024496024548e-05
9.236205927234760371e-05
1.485824431772548443e-04
5.622038390490723380e-05
1.365352180547747232e-04
1.606296682997349586e-05
7.629909244237410447e-05
4.417315878242711276e-05
1.325194763472813315e-04
1.244879929322946022e-04
8.433057585736086087e-05
1.285037346397879668e-04
1.365352180547747232e-04
1.124407678098144676e-04
7.228335073488072627e-05
1.365352180547747232e-04
9.637780097984098191e-05
2.811019195245361690e-05
1.405509597622680879e-04
1.124407678098144676e-04
1.525981848847482089e-04
1.124407678098144676e-04
4.015741707493374133e-05
6.826760902738736162e-05
1.044092843948277248e-04
1.124407678098144676e-04
1.285037346397879668e-04
6.826760902738736162e-05
1.766926351297084510e-04
2.409445024496024548e-05
1.566139265922415736e-04
1.044092843948277248e-04
1.525981848847482089e-04
4.417315878242711276e-05
9.637780097984098191e-05
8.031483414986747928e-06
7.228335073488072627e-05
6.425186731989398342e-05
6.425186731989398342e-05
1.044092843948277248e-04
9.637780097984098191e-05
1.525981848847482089e-04
1.686611517147217217e-04
1.405509597622680879e-04
4.818890048992049096e-05
8.031483414986748267e-05
4.015741707493373964e-06
6.425186731989398342e-05
1.084250261023211030e-04
4.818890048992049096e-05
2.409445024496024548e-05
1.365352180547747232e-04
1.084250261023211030e-04
4.015741707493373964e-06
1.606296682997349653e-04
7.629909244237410447e-05
1.325194763472813315e-04
1.164565095173078458e-04
1.325194763472813315e-04
5.220464219741386238e-05
7.228335073488072627e-05
1.445667014697614525e-04
1.044092843948277248e-04
1.445667014697614525e-04
1.285037346397879668e-04
1.003935426873343466e-04
4.818890048992049096e-05
8.433057585736086087e-05
8.433057585736086087e-05
7.629909244237410447e-05
1.044092843948277248e-04
1.646454100072283300e-04
9.637780097984098191e-05
1.084250261023211030e-04
1.204722512248012240e-04
4.417315878242711276e-05
9.637780097984098191e-05
1.084250261023211030e-04
7.228335073488072627e-05
1.365352180547747232e-04
1.445667014697614525e-04
8.834631756485422551e-05
1.445667014697614525e-04
2.811019195245361690e-05
1.405509597622680879e-04
1.445667014697614525e-04
8.433057585736086087e-05
1.405509597622680879e-04
1.445667014697614525e-04
1.686611517147217217e-04
4.015741707493373964e-06
4.015741707493373964e-06
7.629909244237410447e-05
1.244879929322946022e-04
1.726768934222150864e-04
1.003935426873343466e-04
2.007870853746687067e-05
1.485824431772548443e-04
1.204722512248012240e-04
1.044092843948277248e-04
8.031483414986748267e-05
8.031483414986748267e-05
1.285037346397879668e-04
1.124407678098144676e-04
8.031483414986747928e-06
2.007870853746687067e-05
1.204722512248012240e-04
1.003935426873343466e-04
8.031483414986748267e-05
8.031483414986748267e-05
1.164565095173078458e-04
1.003935426873343466e-04
7.228335073488072627e-05
4.417315878242711276e-05
1.566139265922415736e-04
1.204722512248012240e-04
8.433057585736086087e-05
1.244879929322946022e-04
1.566139265922415736e-04
1.003935426873343466e-04
1.405509597622680879e-04
1.445667014697614525e-04
4.818890048992049096e-05
2.409445024496024548e-05
9.637780097984098191e-05
1.485824431772548443e-04
1.606296682997349586e-05
7.629909244237410447e-05
1.204722512248012240e-04
8.031483414986748267e-05
6.826760902738736162e-05
4.015741707493373964e-06
7.228335073488072627e-05
1.204722512248012240e-04
8.031483414986748267e-05
8.031483414986748267e-05
5.220464219741386238e-05
1.084250261023211030e-04
8.433057585736086087e-05
1.164565095173078458e-04
1.445667014697614525e-04
1.445667014697614525e-04
1.525981848847482089e-04
3.212593365994699171e-05
7.629909244237410447e-05
9.236205927234760371e-05
1.244879929322946022e-04
1.164565095173078458e-04
3.614167536744036313e-05
1.084250261023211030e-04
1.244879929322946022e-04
8.031483414986747928e-06
4.818890048992049096e-05
1.084250261023211030e-04
2.007870853746687067e-05
1.646454100072283300e-04
1.204722512248012240e-04
1.204722512248012274e-05
8.834631756485422551e-05
7.228335073488072627e-05
1.044092843948277248e-04
8.834631756485422551e-05
8.433057585736086087e-05
1.044092843948277248e-04
9.236205927234760371e-05
6.023612561240061200e-05
1.124407678098144676e-04
1.044092843948277248e-04
8.031483414986748267e-05
1.003935426873343466e-04
7.629909244237410447e-05
1.044092843948277248e-04
8.834631756485422551e-05
1.686611517147217217e-04
8.433057585736086087e-05
7.228335073488072627e-05
7.228335073488072627e-05
8.834631756485422551e-05
4.015741707493374133e-05
1.204722512248012240e-04
4.015741707493374133e-05
1.606296682997349653e-04
4.015741707493373964e-06
1.365352180547747232e-04
7.629909244237410447e-05
4.015741707493373964e-06
1.204722512248012240e-04
1.204722512248012274e-05
8.834631756485422551e-05
3.614167536744036313e-05
1.204722512248012274e-05
4.015741707493373964e-06
2.409445024496024548e-05
8.834631756485422551e-05
6.023612561240061200e-05
1.003935426873343466e-04
6.425186731989398342e-05
6.826760902738736162e-05
1.164565095173078458e-04
9.236205927234760371e-05
1.365352180547747232e-04
5.622038390490723380e-05
4.015741707493373964e-06
1.646454100072283300e-04
1.003935426873343466e-04
5.220464219741386238e-05
8.031483414986747928e-06
1.003935426873343466e-04
7.629909244237410447e-05
3.614167536744036313e-05
7.228335073488072627e-05
4.015741707493374133e-05
6.826760902738736162e-05
1.365352180547747232e-04
1.244879929322946022e-04
7.228335073488072627e-05
3.614167536744036313e-05
1.445667014697614525e-04
8.031483414986748267e-05
1.285037346397879668e-04
3.614167536744036313e-05
8.834631756485422551e-05
5.220464219741386238e-05
4.417315878242711276e-05
1.204722512248012274e-05
4.015741707493374133e-05
8.433057585736086087e-05
7.228335073488072627e-05
1.325194763472813315e-04
6.826760902738736162e-05
1.003935426873343466e-04
1.164565095173078458e-04
1.606296682997349586e-05
6.826760902738736162e-05
5.220464219741386238e-05
1.003935426873343466e-04
1.084250261023211030e-04
1.325194763472813315e-04
1.325194763472813315e-04
4.417315878242711276e-05
8.031483414986748267e-05
7.629909244237410447e-05
8.834631756485422551e-05
1.285037346397879668e-04
8.433057585736086087e-05
8.031483414986748267e-05
1.044092843948277248e-04
9.637780097984098191e-05
9.637780097984098191e-05
1.566139265922415736e-04
4.015741707493374133e-05
6.425186731989398342e-05
2.007870853746687067e-05
4.417315878242711276e-05
1.084250261023211030e-04
2.007870853746687067e-05
5.220464219741386238e-05
1.084250261023211030e-04
4.818890048992049096e-05
1.204722512248012240e-04
4.015741707493373964e-06
6.425186731989398342e-05
1.244879929322946022e-04
4.015741707493373964e-06
6.023612561240061200e-05
7.228335073488072627e-05
1.204722512248012274e-05
2.811019195245361690e-05
9.637780097984098191e-05
1.606296682997349586e-05
7.228335073488072627e-05
2.811019195245361690e-05
5.622038390490723380e-05
1.084250261023211030e-04
6.826760902738736162e-05
3.212593365994699171e-05
3.614167536744036313e-05
1.164565095173078458e-04
1.325194763472813315e-04
1.606296682997349653e-04
6.826760902738736162e-05
5.622038390490723380e-05
4.015741707493373964e-06
1.285037346397879668e-04
6.023612561240061200e-05
9.637780097984098191e-05
4.818890048992049096e-05
1.044092843948277248e-04
6.826760902738736162e-05
4.015741707493373964e-06
