1.150742591020144541e-02
5.136406495001640850e-03
7.110745299875496743e-03
1.065830394398920543e-02
7.178466683683834906e-03
5.923016414621567680e-03
5.777154972572839595e-03
9.590389814703875054e-03
4.506076691862494731e-03
3.714257435026541588e-03
3.229789073936123120e-03
5.193709204377927255e-03
3.078718294671369156e-03
2.771367398925834481e-03
4.308121877653506120e-03
5.209337216026004892e-03
4.005980319123998191e-03
7.121163974307548501e-03
6.600230252704948446e-03
7.298281439652432728e-03
5.589618832795903609e-03
7.110745299875496743e-03
3.662164062866281496e-03
4.954079692440730744e-03
3.380859853200877084e-03
6.365810077983777814e-03
6.032412496158113743e-03
2.568203247500820425e-03
2.672389991821340609e-03
3.453790574225241126e-03
4.532123377942624126e-03
5.975109786781827338e-03
7.605632335397967837e-04
4.094539051796439871e-03
1.969129467657830014e-03
4.365424587029792525e-03
6.772138380833806848e-05
4.219563144981064440e-03
1.937873444361673872e-03
7.345165474596667375e-04
2.026432177034115985e-03
1.401311711110995312e-03
4.266447179925298219e-03
3.479837260305371389e-03
3.323557143824591113e-03
2.104572235274505907e-03
4.417517959190052183e-03
2.766158061709808602e-03
1.922245432713595801e-03
3.083927631887395035e-03
1.432567734407151454e-03
6.615858264353025866e-04
1.844105374473205879e-03
1.047076780421227074e-03
3.073508957455342843e-03
3.594442679057943332e-04
2.161874944650791878e-03
4.641519459479170190e-03
2.276480363403364255e-03
1.140844850309695067e-03
3.563186655761787624e-03
1.984757479305908085e-03
1.505498455431515496e-03
1.245031594630215252e-03
2.948484864270718708e-03
2.271271026187338376e-03
3.630908039570125354e-03
3.094346306319446793e-03
3.521511958033579290e-03
1.963920130441803701e-03
1.948292118793725847e-03
3.354813167120747255e-03
3.490255934737423581e-04
2.786995410573912552e-03
2.255643014539260305e-03
9.637273849648109484e-04
4.948870355224704431e-04
1.375265025030865266e-03
5.626084193308084980e-04
1.890989409417439876e-03
2.464016503180300240e-03
2.182712293514896262e-03
4.584216750102884218e-04
1.416939722759073383e-03
8.387032917801868137e-04
2.151456270218740120e-03
1.093960815365461071e-03
1.765965316232815741e-03
2.276480363403364255e-03
2.088944223626427836e-03
2.891182154894432737e-03
2.229596328459130042e-03
1.943082781577699968e-03
5.782364309788865691e-04
2.349411084427728297e-03
1.609685199752035464e-03
2.260852351755286184e-03
2.760948724493782723e-03
1.495079780999463521e-03
5.834457681949125566e-04
2.349411084427728297e-03
1.531545141511645542e-03
2.609877945229028325e-03
2.401504456587988390e-03
2.453597828748248482e-03
2.031641514250141865e-03
1.807640013961023641e-03
1.239822257414189156e-03
2.891182154894432737e-03
3.021415585295083076e-04
6.928418497314586203e-04
1.416939722759073383e-03
1.177310210821877088e-03
2.865135468814302908e-04
1.927454769929621897e-03
1.677406583560373627e-03
7.501445591077447001e-04
2.307736386699520397e-03
1.317962315654579294e-03
3.281882446096382995e-04
1.406521048327021408e-03
8.491219662122387888e-04
1.411730385543047287e-03
3.776769481618853438e-03
4.375843261461844175e-04
7.605632335397967837e-04
1.500289118215489400e-03
7.501445591077447001e-04
1.026239431557122907e-03
2.693227340685444560e-03
7.970285940519788049e-04
1.364846350598813290e-03
1.620103874184087656e-03
9.116340128045508561e-04
1.932664107145647776e-03
1.036658105989175099e-03
1.786802665096919691e-03
1.031448768773149003e-03
2.443179154316196290e-03
6.042831170590166152e-04
6.667951636513286826e-04
1.609685199752035464e-03
4.375843261461844175e-04
4.115376400660543713e-04
2.604668608013002446e-04
1.250240931846241131e-03
4.271656517141323882e-04
8.491219662122387888e-04
1.000192745476992861e-03
2.151456270218740120e-03
2.073316211978350199e-03
8.699593150763428474e-04
1.875361397769361750e-04
1.729499955720633720e-03
1.380474362246891361e-03
9.272620244526289272e-04
1.922245432713595801e-03
1.390893036678943337e-03
1.349218338950735219e-03
2.213968316811051971e-03
1.771174653448841728e-04
8.074472684840307800e-04
2.099362898058480028e-03
1.344009001734709340e-03
4.532123377942624343e-04
7.084698613795366914e-04
4.844683610904184680e-04
1.146054187525721163e-03
2.068106874762323886e-03
1.609685199752035464e-03
7.866099196199267214e-04
6.720045008673546701e-04
5.730270937628605815e-04
1.427358397191125358e-03
2.005594828170012035e-03
1.239822257414189156e-03
2.182712293514896262e-03
1.224194245766111085e-03
9.376806988846809023e-04
1.255450269062267227e-03
1.734709292936659599e-03
2.396295119371962402e-04
6.876325125154326328e-04
5.938644426269645317e-04
9.064246755885248686e-04
1.927454769929621897e-03
1.229403582982137181e-03
9.689367221808369360e-04
1.172100873605851209e-03
1.354427676166761315e-03
1.104379489797513046e-03
1.703453269640503673e-03
1.047076780421227074e-03
7.293072102436407500e-04
2.120200246922583978e-03
1.521126467079593567e-03
9.949834082609669821e-04
5.782364309788865691e-04
1.719081281288581745e-03
6.251204659231205654e-04
1.140844850309695067e-03
1.140844850309695067e-03
4.271656517141323882e-04
2.182712293514896262e-03
7.970285940519788049e-04
6.667951636513286826e-04
9.220526872366029397e-04
1.609685199752035464e-03
3.333975818256643413e-04
1.036658105989175099e-03
5.730270937628605815e-04
1.614894536968061560e-03
1.703453269640503673e-03
6.199111287070945778e-04
9.533087105327588649e-04
6.094924542750426028e-04
1.401311711110995312e-03
1.041867443205200978e-03
1.047076780421227074e-03
7.553538963237706877e-04
1.224194245766111085e-03
1.724290618504607624e-03
6.615858264353025866e-04
4.844683610904184680e-04
1.479451769351385450e-03
1.354427676166761315e-03
1.932664107145647776e-03
7.345165474596667375e-04
6.407484775711986364e-04
6.303298031391465529e-04
5.626084193308084980e-04
1.786802665096919691e-03
5.209337216026004892e-04
1.588847850887931514e-03
1.073123466501357121e-03
1.437777071623177333e-03
1.151263524741747042e-03
8.282846173481348386e-04
1.625313211400113535e-03
1.312752978438553198e-03
1.323171652870605173e-03
7.449352218917187126e-04
7.761912451878747463e-04
1.552382490375749493e-03
7.553538963237706877e-04
7.918192568359527089e-04
1.370055687814839386e-03
5.730270937628605815e-04
5.313523960346524643e-04
1.823268025609101875e-04
1.005402082693018957e-03
5.157243843865745017e-04
1.010611419909045053e-03
2.604668608013002582e-05
8.595406406442908723e-04
8.126566057000567675e-04
1.828477362825127808e-03
1.312752978438553198e-03
9.012153383724988811e-04
4.427936633622104050e-04
7.084698613795366914e-04
9.012153383724988811e-04
8.282846173481348386e-04
7.970285940519788049e-04
1.797221339528971666e-03
5.573990821147825105e-04
1.562801164807801346e-05
3.594442679057943332e-04
7.188885358115886665e-04
8.751686522923688349e-04
9.585180477487849609e-04
1.271078280710345298e-03
1.979548142089881772e-04
6.720045008673546701e-04
6.615858264353025866e-04
7.501445591077447001e-04
8.907966639404469060e-04
1.526335804295619446e-03
7.918192568359527089e-04
7.188885358115886665e-04
6.824231752994066452e-04
2.708855352333522739e-04
7.918192568359527089e-04
7.761912451878747463e-04
1.182519548037903184e-03
1.474242432135359354e-03
9.428900361007068898e-04
6.459578147872246240e-04
1.312752978438553198e-03
5.678177565468345940e-04
4.323749889301584299e-04
7.345165474596667375e-04
4.011189656340023962e-04
8.074472684840307800e-04
9.741460593968629235e-04
1.041867443205201067e-05
7.709819079718487587e-04
5.053057099545225266e-04
6.772138380833806577e-04
1.291915629574449248e-03
6.459578147872246240e-04
8.960060011564728935e-04
9.220526872366029397e-04
1.448195746055229308e-03
1.062704792069304929e-03
1.557591827591775589e-03
9.428900361007068898e-04
7.345165474596667375e-04
4.740496866583664387e-04
7.657725707558227712e-04
5.469804076827305354e-04
2.135828258570661941e-04
8.647499778603168598e-04
1.604475862536009585e-03
4.011189656340023962e-04
1.562801164807801413e-04
8.074472684840307800e-04
9.012153383724988811e-04
6.772138380833806577e-04
6.980511869474847163e-04
7.136791985955626789e-04
5.417710704667045478e-04
2.969322213134822658e-04
8.595406406442908723e-04
7.605632335397967837e-04
9.793553966128889111e-04
1.062704792069304929e-03
1.000192745476992861e-03
4.167469772820804266e-05
1.041867443205200978e-03
4.688403494423404511e-04
1.406521048327021408e-03
6.563764892192765991e-04
8.699593150763428474e-04
1.125216838661616996e-03
1.323171652870605173e-03
9.428900361007068898e-04
7.866099196199267214e-04
4.636310122263144636e-04
6.094924542750426028e-04
5.886551054109385442e-04
5.313523960346524643e-04
8.491219662122387888e-04
1.109588827013539142e-03
1.255450269062267227e-03
1.140844850309695067e-03
5.886551054109385442e-04
6.199111287070945778e-04
1.328380990086631269e-03
5.157243843865745017e-04
9.064246755885248686e-04
5.990737798429906277e-04
2.396295119371962402e-04
1.140844850309695067e-03
8.595406406442908723e-04
3.646536051218203750e-04
2.552575235852742571e-04
7.970285940519788049e-04
5.365617332506785603e-04
6.615858264353025866e-04
1.026239431557122907e-03
5.209337216026005333e-06
7.814005824039007338e-04
7.449352218917187126e-04
5.209337216026004892e-04
8.699593150763428474e-04
4.271656517141323882e-04
1.359637013382787411e-03
6.980511869474847163e-04
6.147017914910685903e-04
1.213775571334059110e-03
5.209337216026005333e-06
5.990737798429906277e-04
7.709819079718487587e-04
2.917228840974562783e-04
3.802816167698983918e-04
9.064246755885248686e-04
7.709819079718487587e-04
8.491219662122387888e-04
7.605632335397967837e-04
1.239822257414189156e-03
2.135828258570661941e-04
3.542349306897683457e-04
4.584216750102884218e-04
1.927454769929621897e-04
5.730270937628605815e-04
3.646536051218203750e-04
4.688403494423404511e-04
4.584216750102884218e-04
3.802816167698983918e-04
9.220526872366029397e-04
5.782364309788865691e-04
8.230752801321087426e-04
1.510707792647541538e-04
2.187921630730922087e-04
6.980511869474847163e-04
6.615858264353025866e-04
6.355391403551726489e-04
6.251204659231205654e-04
5.209337216026005333e-06
3.333975818256643413e-04
3.750722795538723501e-04
3.281882446096382995e-04
5.157243843865745017e-04
5.053057099545225266e-04
2.135828258570661941e-04
8.699593150763428474e-04
6.824231752994066452e-04
1.005402082693018957e-03
7.605632335397967837e-04
5.573990821147825105e-04
6.615858264353025866e-04
3.542349306897683457e-04
2.187921630730922087e-04
8.387032917801868137e-04
3.490255934737423581e-04
3.854909539859243794e-04
1.927454769929621897e-04
7.136791985955626789e-04
9.116340128045508561e-04
2.135828258570661941e-04
1.093960815365461044e-04
9.324713616686549147e-04
1.109588827013539142e-03
8.907966639404469060e-04
8.022379312680047924e-04
6.824231752994066452e-04
5.782364309788865691e-04
1.093960815365461071e-03
3.542349306897683457e-04
8.855873267244208642e-05
7.032605241635107038e-04
1.161682199173799017e-03
4.167469772820804131e-04
2.187921630730922087e-04
7.084698613795366914e-04
8.699593150763428474e-04
7.136791985955626789e-04
5.678177565468345940e-04
7.136791985955626789e-04
6.615858264353025866e-04
8.751686522923688349e-04
5.209337216026005333e-06
1.026239431557122907e-03
4.532123377942624343e-04
4.271656517141323882e-04
4.167469772820804131e-04
9.480993733167328774e-04
9.897740710449408862e-04
1.140844850309695067e-03
5.886551054109385442e-04
5.209337216026005333e-06
5.834457681949125566e-04
5.000963727384964306e-04
5.990737798429906277e-04
4.271656517141323882e-04
4.896776983064444555e-04
5.209337216026005333e-06
5.678177565468345940e-04
1.250240931846241077e-04
5.573990821147825105e-04
7.188885358115886665e-04
1.510707792647541538e-04
3.125602329615602827e-04
2.083734886410402065e-04
2.240015002891182234e-04
7.761912451878747463e-04
3.073508957455342951e-04
8.178659429160827551e-04
3.594442679057943332e-04
6.251204659231205654e-04
2.031641514250141919e-04
2.031641514250141919e-04
3.333975818256643413e-04
5.105150471705485141e-04
2.917228840974562783e-04
2.865135468814302908e-04
7.345165474596667375e-04
4.480030005782364468e-04
1.562801164807801413e-04
5.417710704667045478e-04
1.041867443205201067e-05
5.053057099545225266e-04
3.125602329615602827e-04
4.688403494423404511e-04
1.719081281288581582e-04
5.000963727384964306e-04
5.157243843865745017e-04
2.917228840974562783e-04
2.604668608013002446e-04
1.146054187525721055e-04
6.407484775711986364e-04
1.562801164807801346e-05
1.771174653448841728e-04
7.605632335397967837e-04
1.562801164807801413e-04
5.417710704667045478e-04
4.740496866583664387e-04
6.720045008673546701e-04
6.667951636513286826e-04
9.845647338289150070e-04
9.324713616686549147e-04
1.093960815365461044e-04
3.698629423378463625e-04
8.543313034282647763e-04
4.063283028500283838e-04
6.667951636513286826e-04
5.053057099545225266e-04
4.063283028500283838e-04
4.167469772820804131e-04
5.678177565468345940e-04
4.063283028500283838e-04
5.573990821147825105e-04
6.772138380833806577e-04
5.678177565468345940e-04
7.553538963237706877e-04
7.709819079718487587e-04
7.032605241635107038e-04
9.116340128045508561e-04
1.823268025609101875e-04
8.230752801321087426e-04
3.438162562577163164e-04
5.417710704667045478e-04
1.875361397769361750e-04
9.897740710449408862e-04
1.875361397769361750e-04
5.782364309788865691e-04
4.688403494423404376e-05
5.053057099545225266e-04
2.396295119371962402e-04
7.605632335397967837e-04
8.282846173481348386e-04
1.010611419909045053e-03
4.323749889301584299e-04
6.407484775711986364e-04
2.083734886410402133e-05
5.261430588186264768e-04
2.187921630730922087e-04
4.948870355224704431e-04
7.501445591077447001e-04
1.406521048327021245e-04
1.120007501445591117e-03
1.562801164807801413e-04
2.656761980173262322e-04
4.896776983064444555e-04
4.115376400660543713e-04
2.708855352333522739e-04
3.698629423378463625e-04
8.751686522923688349e-04
2.187921630730922087e-04
1.614894536968061560e-04
6.928418497314586203e-04
8.334939545641608532e-05
6.355391403551726489e-04
4.636310122263144636e-04
3.333975818256643413e-04
4.167469772820804131e-04
2.292108375051442109e-04
3.073508957455342951e-04
4.532123377942624343e-04
2.396295119371962402e-04
1.927454769929621897e-04
6.251204659231205654e-04
8.595406406442908723e-04
3.229789073936123120e-04
3.907002912019503669e-04
1.406521048327021245e-04
9.845647338289150070e-04
5.782364309788865691e-04
5.209337216026004892e-04
7.814005824039007338e-04
4.480030005782364468e-04
4.167469772820804131e-04
7.970285940519788049e-04
6.459578147872246240e-04
4.896776983064444555e-04
1.823268025609101875e-04
3.333975818256643413e-04
7.084698613795366914e-04
3.594442679057943332e-04
5.209337216026005163e-05
5.209337216026005163e-05
4.427936633622104050e-04
6.720045008673546701e-04
3.386069190416903288e-04
1.041867443205201067e-05
2.083734886410402133e-05
2.292108375051442109e-04
2.813042096654042490e-04
2.240015002891182234e-04
6.042831170590166152e-04
4.219563144981064006e-04
6.772138380833806848e-05
2.604668608013002582e-05
2.500481863692482153e-04
5.782364309788865691e-04
2.604668608013002446e-04
5.730270937628605273e-05
2.396295119371962402e-04
1.354427676166761370e-04
3.386069190416903288e-04
9.689367221808369360e-04
6.042831170590166152e-04
5.730270937628605273e-05
2.813042096654042490e-04
1.875361397769361750e-04
3.854909539859243794e-04
2.083734886410402065e-04
1.041867443205201067e-05
3.750722795538723501e-04
4.375843261461844175e-04
2.865135468814302908e-04
4.896776983064444555e-04
4.896776983064444555e-04
3.125602329615602827e-04
4.896776983064444555e-04
6.251204659231205654e-04
1.354427676166761370e-04
5.209337216026004892e-04
1.354427676166761370e-04
1.302334304006501223e-04
5.209337216026004892e-04
1.562801164807801346e-05
3.750722795538723501e-04
7.553538963237706877e-04
4.740496866583664387e-04
8.699593150763428474e-04
4.271656517141323882e-04
7.501445591077447001e-04
4.427936633622104050e-04
6.667951636513286826e-04
8.855873267244208642e-05
8.334939545641608532e-05
4.688403494423404376e-05
3.177695701775863244e-04
4.584216750102884218e-04
3.750722795538723501e-04
8.855873267244208642e-05
1.057495454853279050e-03
2.708855352333522739e-04
7.605632335397967837e-04
2.552575235852742571e-04
7.293072102436407500e-04
8.491219662122387888e-04
3.646536051218203750e-04
2.917228840974562783e-04
5.938644426269645317e-04
4.011189656340023962e-04
4.948870355224704431e-04
3.490255934737423581e-04
8.022379312680047924e-04
5.105150471705485141e-04
6.251204659231205654e-04
2.865135468814302908e-04
3.646536051218203750e-04
2.708855352333522739e-04
5.261430588186264768e-04
3.177695701775863244e-04
5.209337216026004892e-04
4.688403494423404376e-05
4.636310122263144636e-04
5.105150471705485141e-04
2.552575235852742571e-04
1.979548142089881772e-04
5.313523960346524643e-04
3.125602329615602691e-05
3.281882446096382995e-04
3.021415585295083076e-04
2.917228840974562783e-04
3.802816167698983918e-04
2.240015002891182234e-04
4.115376400660543713e-04
4.167469772820804266e-05
2.708855352333522739e-04
2.448388491532222278e-04
1.406521048327021245e-04
5.313523960346524643e-04
1.302334304006501223e-04
6.563764892192765991e-04
2.396295119371962402e-04
4.948870355224704431e-04
2.240015002891182234e-04
3.021415585295083076e-04
1.041867443205201067e-05
2.760948724493782615e-04
3.386069190416903288e-04
1.666987909128321706e-04
5.521897448987565229e-04
4.271656517141323882e-04
3.281882446096382995e-04
8.491219662122387888e-04
5.782364309788865691e-04
2.917228840974562783e-04
4.167469772820804266e-05
7.814005824039007067e-05
1.979548142089881772e-04
4.636310122263144636e-04
3.438162562577163164e-04
8.074472684840307800e-04
4.011189656340023962e-04
1.823268025609101875e-04
1.875361397769361750e-04
3.646536051218203750e-04
5.209337216026005333e-06
5.782364309788865691e-04
5.261430588186264768e-04
4.219563144981064006e-04
3.490255934737423581e-04
3.959096284179763545e-04
3.854909539859243794e-04
5.417710704667045478e-04
2.917228840974562783e-04
7.605632335397967837e-04
2.083734886410402065e-04
1.875361397769361750e-04
3.229789073936123120e-04
2.448388491532222278e-04
6.355391403551726489e-04
3.125602329615602691e-05
5.053057099545225266e-04
1.093960815365461044e-04
4.323749889301584299e-04
1.041867443205201067e-05
3.177695701775863244e-04
3.229789073936123120e-04
4.375843261461844175e-04
1.666987909128321706e-04
4.011189656340023962e-04
2.031641514250141919e-04
2.708855352333522739e-04
7.293072102436406958e-05
7.293072102436406958e-05
6.355391403551726489e-04
1.875361397769361750e-04
2.917228840974562783e-04
3.646536051218203750e-04
3.073508957455342951e-04
3.073508957455342951e-04
4.584216750102884218e-04
5.209337216026005333e-06
3.542349306897683457e-04
1.875361397769361750e-04
1.041867443205201067e-05
1.250240931846241077e-04
3.542349306897683457e-04
4.688403494423404511e-04
5.782364309788865691e-04
4.844683610904184680e-04
2.031641514250141919e-04
4.584216750102884218e-04
1.093960815365461044e-04
3.698629423378463625e-04
1.927454769929621897e-04
5.209337216026004892e-04
4.115376400660543713e-04
5.209337216026004892e-04
5.209337216026005333e-06
2.187921630730922087e-04
6.251204659231205654e-04
3.073508957455342951e-04
2.656761980173262322e-04
4.480030005782364468e-04
1.979548142089881772e-04
2.187921630730922087e-04
2.292108375051442109e-04
5.209337216026005333e-06
1.302334304006501223e-04
2.656761980173262322e-04
3.490255934737423581e-04
3.125602329615602691e-05
3.333975818256643413e-04
6.772138380833806577e-04
5.730270937628605815e-04
5.157243843865745017e-04
3.177695701775863244e-04
9.793553966128889111e-04
3.698629423378463625e-04
5.938644426269645317e-04
4.167469772820804266e-05
3.698629423378463625e-04
2.031641514250141919e-04
8.439126289962128012e-04
2.240015002891182234e-04
3.073508957455342951e-04
3.750722795538723501e-04
2.969322213134822658e-04
3.594442679057943332e-04
4.375843261461844175e-04
4.167469772820804131e-04
5.053057099545225266e-04
4.011189656340023962e-04
4.844683610904184680e-04
3.229789073936123120e-04
1.666987909128321706e-04
3.854909539859243794e-04
4.584216750102884218e-04
2.083734886410402065e-04
2.031641514250141919e-04
7.293072102436406958e-05
3.854909539859243794e-04
1.875361397769361750e-04
3.125602329615602827e-04
3.646536051218203750e-04
1.041867443205201067e-05
1.719081281288581582e-04
4.688403494423404511e-04
1.093960815365461044e-04
1.927454769929621897e-04
9.897740710449408862e-05
3.490255934737423581e-04
4.688403494423404376e-05
2.292108375051442109e-04
1.093960815365461044e-04
1.198147559685981201e-04
9.897740710449408862e-05
4.115376400660543713e-04
2.708855352333522739e-04
1.041867443205201067e-05
3.333975818256643413e-04
1.146054187525721055e-04
4.011189656340023962e-04
4.219563144981064006e-04
2.760948724493782615e-04
1.927454769929621897e-04
4.636310122263144636e-04
2.552575235852742571e-04
2.969322213134822658e-04
3.594442679057943332e-04
1.562801164807801413e-04
3.542349306897683457e-04
2.656761980173262322e-04
3.594442679057943332e-04
2.760948724493782615e-04
1.771174653448841728e-04
3.125602329615602691e-05
1.093960815365461044e-04
3.802816167698983918e-04
4.115376400660543713e-04
4.688403494423404511e-04
1.354427676166761370e-04
2.500481863692482153e-04
3.854909539859243794e-04
1.614894536968061560e-04
3.073508957455342951e-04
5.209337216026005333e-06
2.708855352333522739e-04
3.125602329615602827e-04
3.542349306897683457e-04
1.146054187525721055e-04
1.771174653448841728e-04
3.125602329615602691e-05
3.386069190416903288e-04
3.698629423378463625e-04
5.209337216026005333e-06
2.552575235852742571e-04
6.772138380833806848e-05
5.521897448987565229e-04
2.135828258570661941e-04
3.021415585295083076e-04
9.897740710449408862e-05
1.979548142089881772e-04
8.855873267244208642e-05
5.209337216026005333e-06
4.740496866583664387e-04
1.823268025609101875e-04
3.333975818256643413e-04
1.198147559685981201e-04
4.792590238743924804e-04
1.458614420487281392e-04
3.177695701775863244e-04
1.875361397769361750e-04
7.084698613795366914e-04
7.136791985955626789e-04
1.458614420487281392e-04
5.209337216026005333e-06
1.354427676166761370e-04
2.604668608013002582e-05
4.167469772820804266e-05
5.209337216026005333e-06
6.615858264353025866e-04
4.740496866583664387e-04
6.251204659231205383e-05
5.209337216026005333e-06
5.730270937628605273e-05
4.948870355224704431e-04
5.626084193308084980e-04
4.063283028500283838e-04
6.407484775711986364e-04
3.490255934737423581e-04
2.604668608013002446e-04
3.646536051218203479e-05
6.824231752994066452e-04
2.500481863692482153e-04
9.220526872366029397e-04
6.251204659231205383e-05
2.031641514250141919e-04
1.146054187525721055e-04
1.719081281288581582e-04
5.209337216026005333e-06
3.073508957455342951e-04
3.229789073936123120e-04
1.614894536968061560e-04
4.427936633622104050e-04
5.469804076827305354e-04
2.813042096654042490e-04
7.814005824039007067e-05
2.135828258570661941e-04
6.251204659231205383e-05
2.083734886410402065e-04
1.979548142089881772e-04
1.198147559685981201e-04
4.011189656340023962e-04
2.187921630730922087e-04
5.209337216026005333e-06
1.771174653448841728e-04
6.251204659231205654e-04
1.093960815365461044e-04
1.719081281288581582e-04
2.708855352333522739e-04
3.386069190416903288e-04
3.594442679057943332e-04
1.146054187525721055e-04
4.167469772820804266e-05
1.614894536968061560e-04
2.760948724493782615e-04
3.854909539859243794e-04
1.666987909128321706e-04
2.917228840974562783e-04
7.814005824039007067e-05
1.771174653448841728e-04
2.917228840974562783e-04
3.021415585295083076e-04
5.730270937628605273e-05
1.927454769929621897e-04
3.646536051218203750e-04
5.886551054109385442e-04
2.344201747211702256e-04
5.209337216026005333e-06
7.814005824039007067e-05
2.917228840974562783e-04
1.562801164807801413e-04
4.792590238743924804e-04
7.084698613795366914e-04
3.281882446096382995e-04
1.510707792647541538e-04
2.031641514250141919e-04
4.480030005782364468e-04
2.813042096654042490e-04
2.813042096654042490e-04
1.875361397769361750e-04
6.824231752994066452e-04
4.375843261461844175e-04
3.698629423378463625e-04
5.626084193308084980e-04
1.875361397769361750e-04
5.209337216026004892e-04
1.823268025609101875e-04
2.604668608013002446e-04
7.814005824039007067e-05
2.969322213134822658e-04
2.083734886410402065e-04
3.646536051218203750e-04
2.083734886410402133e-05
2.448388491532222278e-04
5.209337216026005333e-06
3.594442679057943332e-04
7.814005824039007067e-05
2.448388491532222278e-04
3.177695701775863244e-04
2.187921630730922087e-04
1.354427676166761370e-04
2.083734886410402133e-05
1.093960815365461044e-04
6.772138380833806848e-05
2.552575235852742571e-04
2.969322213134822658e-04
2.500481863692482153e-04
1.771174653448841728e-04
2.552575235852742571e-04
3.021415585295083076e-04
8.855873267244208642e-05
1.719081281288581582e-04
1.041867443205201067e-05
7.814005824039007067e-05
5.053057099545225266e-04
2.604668608013002446e-04
5.209337216026005333e-06
1.614894536968061560e-04
5.209337216026005333e-06
2.187921630730922087e-04
4.167469772820804131e-04
4.271656517141323882e-04
3.594442679057943332e-04
4.115376400660543713e-04
8.334939545641608532e-05
2.708855352333522739e-04
2.500481863692482153e-04
5.521897448987565229e-04
3.594442679057943332e-04
8.334939545641608532e-05
1.146054187525721055e-04
5.678177565468345940e-04
5.209337216026005333e-06
5.209337216026005333e-06
2.552575235852742571e-04
2.656761980173262322e-04
2.760948724493782615e-04
1.666987909128321706e-04
1.562801164807801413e-04
3.646536051218203750e-04
2.396295119371962402e-04
3.542349306897683457e-04
2.760948724493782615e-04
4.115376400660543713e-04
7.293072102436406958e-05
1.354427676166761370e-04
1.406521048327021245e-04
2.344201747211702256e-04
1.041867443205201067e-05
4.375843261461844175e-04
2.083734886410402065e-04
3.125602329615602827e-04
4.167469772820804266e-05
3.646536051218203479e-05
2.969322213134822658e-04
1.614894536968061560e-04
3.594442679057943332e-04
2.135828258570661941e-04
2.083734886410402065e-04
4.688403494423404376e-05
2.604668608013002446e-04
2.292108375051442109e-04
1.771174653448841728e-04
1.093960815365461044e-04
1.875361397769361750e-04
1.510707792647541538e-04
1.354427676166761370e-04
2.656761980173262322e-04
2.292108375051442109e-04
1.562801164807801346e-05
2.969322213134822658e-04
4.427936633622104050e-04
2.448388491532222278e-04
3.125602329615602691e-05
4.688403494423404376e-05
2.604668608013002582e-05
6.147017914910685903e-04
3.907002912019503669e-04
2.865135468814302908e-04
2.917228840974562783e-04
2.448388491532222278e-04
2.240015002891182234e-04
3.177695701775863244e-04
2.917228840974562783e-04
2.813042096654042490e-04
2.969322213134822658e-04
2.031641514250141919e-04
3.698629423378463625e-04
1.875361397769361750e-04
7.293072102436406958e-05
4.844683610904184680e-04
2.187921630730922087e-04
1.666987909128321706e-04
4.636310122263144636e-04
1.823268025609101875e-04
5.209337216026005333e-06
5.730270937628605273e-05
2.187921630730922087e-04
1.250240931846241077e-04
1.979548142089881772e-04
2.344201747211702256e-04
2.552575235852742571e-04
3.438162562577163164e-04
1.771174653448841728e-04
2.760948724493782615e-04
1.510707792647541538e-04
1.354427676166761370e-04
6.772138380833806848e-05
4.584216750102884218e-04
2.396295119371962402e-04
3.490255934737423581e-04
8.855873267244208642e-05
2.031641514250141919e-04
1.093960815365461044e-04
2.031641514250141919e-04
3.750722795538723501e-04
3.125602329615602691e-05
3.802816167698983918e-04
1.979548142089881772e-04
3.959096284179763545e-04
3.959096284179763545e-04
3.177695701775863244e-04
3.438162562577163164e-04
5.209337216026005333e-06
4.167469772820804266e-05
4.896776983064444555e-04
3.646536051218203750e-04
1.406521048327021245e-04
2.396295119371962402e-04
4.219563144981064006e-04
1.041867443205201067e-05
7.814005824039007067e-05
1.666987909128321706e-04
3.959096284179763545e-04
1.406521048327021245e-04
1.719081281288581582e-04
5.730270937628605273e-05
1.406521048327021245e-04
1.302334304006501223e-04
1.927454769929621897e-04
1.354427676166761370e-04
1.354427676166761370e-04
4.532123377942624343e-04
1.719081281288581582e-04
3.386069190416903288e-04
5.209337216026005333e-06
1.719081281288581582e-04
1.927454769929621897e-04
1.302334304006501223e-04
2.031641514250141919e-04
4.271656517141323882e-04
3.490255934737423581e-04
1.406521048327021245e-04
5.209337216026005333e-06
9.897740710449408862e-05
2.813042096654042490e-04
3.802816167698983918e-04
2.656761980173262322e-04
1.302334304006501223e-04
8.855873267244208642e-05
1.198147559685981201e-04
5.209337216026005333e-06
1.771174653448841728e-04
8.334939545641608532e-05
2.969322213134822658e-04
1.458614420487281392e-04
1.562801164807801346e-05
1.927454769929621897e-04
1.354427676166761370e-04
2.604668608013002446e-04
1.458614420487281392e-04
4.271656517141323882e-04
1.041867443205201033e-04
1.458614420487281392e-04
1.250240931846241077e-04
2.656761980173262322e-04
5.209337216026005333e-06
5.209337216026005163e-05
3.646536051218203750e-04
2.031641514250141919e-04
1.719081281288581582e-04
1.719081281288581582e-04
2.083734886410402065e-04
2.083734886410402133e-05
6.251204659231205383e-05
2.500481863692482153e-04
1.041867443205201033e-04
2.135828258570661941e-04
1.146054187525721055e-04
1.198147559685981201e-04
1.823268025609101875e-04
1.719081281288581582e-04
2.969322213134822658e-04
4.011189656340023962e-04
9.376806988846808752e-05
6.251204659231205383e-05
2.083734886410402133e-05
2.187921630730922087e-04
8.334939545641608532e-05
2.083734886410402065e-04
3.646536051218203479e-05
1.562801164807801346e-05
4.219563144981064006e-04
2.969322213134822658e-04
4.688403494423404376e-05
4.636310122263144636e-04
2.187921630730922087e-04
1.875361397769361750e-04
2.240015002891182234e-04
3.125602329615602827e-04
9.376806988846808752e-05
1.875361397769361750e-04
5.209337216026005333e-06
3.386069190416903288e-04
5.730270937628605273e-05
1.041867443205201067e-05
1.041867443205201067e-05
2.604668608013002582e-05
5.209337216026005333e-06
1.614894536968061560e-04
3.490255934737423581e-04
3.125602329615602691e-05
2.083734886410402065e-04
5.209337216026005333e-06
3.125602329615602691e-05
2.552575235852742571e-04
3.490255934737423581e-04
3.073508957455342951e-04
1.146054187525721055e-04
1.562801164807801413e-04
7.293072102436406958e-05
2.135828258570661941e-04
1.510707792647541538e-04
3.125602329615602827e-04
1.719081281288581582e-04
2.969322213134822658e-04
1.823268025609101875e-04
8.855873267244208642e-05
1.562801164807801346e-05
4.792590238743924804e-04
3.646536051218203479e-05
1.093960815365461044e-04
1.562801164807801413e-04
6.772138380833806848e-05
1.771174653448841728e-04
1.198147559685981201e-04
5.209337216026005333e-06
9.897740710449408862e-05
6.772138380833806848e-05
1.719081281288581582e-04
2.135828258570661941e-04
5.730270937628605273e-05
2.969322213134822658e-04
4.115376400660543713e-04
2.292108375051442109e-04
6.772138380833806848e-05
1.406521048327021245e-04
2.240015002891182234e-04
4.844683610904184680e-04
8.855873267244208642e-05
3.229789073936123120e-04
1.041867443205201033e-04
5.730270937628605273e-05
1.354427676166761370e-04
1.875361397769361750e-04
4.167469772820804131e-04
1.614894536968061560e-04
1.666987909128321706e-04
2.969322213134822658e-04
7.814005824039007067e-05
3.021415585295083076e-04
1.771174653448841728e-04
1.354427676166761370e-04
1.458614420487281392e-04
8.334939545641608532e-05
1.250240931846241077e-04
1.510707792647541538e-04
3.802816167698983918e-04
6.251204659231205383e-05
1.719081281288581582e-04
1.250240931846241077e-04
1.406521048327021245e-04
9.376806988846808752e-05
2.135828258570661941e-04
1.510707792647541538e-04
4.167469772820804266e-05
2.187921630730922087e-04
1.041867443205201067e-05
2.031641514250141919e-04
1.719081281288581582e-04
1.875361397769361750e-04
5.209337216026005333e-06
4.271656517141323882e-04
5.209337216026005333e-06
1.198147559685981201e-04
1.823268025609101875e-04
2.917228840974562783e-04
1.666987909128321706e-04
7.293072102436406958e-05
5.730270937628605273e-05
3.646536051218203750e-04
7.293072102436406958e-05
7.814005824039007067e-05
1.146054187525721055e-04
1.302334304006501223e-04
5.209337216026005163e-05
3.646536051218203479e-05
1.614894536968061560e-04
5.209337216026005333e-06
1.562801164807801413e-04
9.897740710449408862e-05
1.302334304006501223e-04
3.542349306897683457e-04
1.719081281288581582e-04
1.614894536968061560e-04
5.730270937628605273e-05
4.167469772820804266e-05
2.604668608013002446e-04
3.281882446096382995e-04
9.897740710449408862e-05
9.376806988846808752e-05
4.688403494423404376e-05
1.823268025609101875e-04
9.376806988846808752e-05
1.719081281288581582e-04
3.490255934737423581e-04
4.063283028500283838e-04
1.614894536968061560e-04
2.813042096654042490e-04
3.073508957455342951e-04
5.209337216026005333e-06
3.229789073936123120e-04
2.344201747211702256e-04
5.209337216026005333e-06
3.125602329615602691e-05
4.584216750102884218e-04
1.823268025609101875e-04
1.406521048327021245e-04
6.772138380833806848e-05
7.814005824039007067e-05
2.813042096654042490e-04
9.897740710449408862e-05
7.293072102436406958e-05
2.083734886410402065e-04
8.334939545641608532e-05
8.334939545641608532e-05
2.187921630730922087e-04
2.917228840974562783e-04
2.708855352333522739e-04
1.562801164807801413e-04
1.406521048327021245e-04
1.562801164807801346e-05
1.406521048327021245e-04
3.646536051218203479e-05
2.292108375051442109e-04
8.855873267244208642e-05
3.646536051218203479e-05
5.209337216026005333e-06
1.875361397769361750e-04
1.041867443205201033e-04
8.334939545641608532e-05
6.772138380833806848e-05
1.875361397769361750e-04
2.396295119371962402e-04
1.875361397769361750e-04
1.302334304006501223e-04
9.897740710449408862e-05
1.041867443205201033e-04
5.209337216026005333e-06
6.772138380833806848e-05
2.656761980173262322e-04
2.552575235852742571e-04
2.813042096654042490e-04
2.500481863692482153e-04
1.562801164807801413e-04
1.614894536968061560e-04
6.251204659231205383e-05
8.334939545641608532e-05
3.125602329615602691e-05
8.855873267244208642e-05
7.293072102436406958e-05
7.814005824039007067e-05
1.146054187525721055e-04
9.897740710449408862e-05
1.771174653448841728e-04
7.814005824039007067e-05
5.209337216026005333e-06
1.614894536968061560e-04
1.458614420487281392e-04
2.396295119371962402e-04
2.083734886410402133e-05
6.251204659231205383e-05
1.041867443205201067e-05
1.562801164807801413e-04
1.666987909128321706e-04
1.875361397769361750e-04
5.730270937628605273e-05
2.813042096654042490e-04
2.292108375051442109e-04
5.730270937628605273e-05
2.135828258570661941e-04
1.302334304006501223e-04
1.562801164807801346e-05
2.083734886410402133e-05
2.448388491532222278e-04
1.302334304006501223e-04
5.209337216026005333e-06
2.292108375051442109e-04
5.209337216026005333e-06
9.376806988846808752e-05
3.542349306897683457e-04
1.719081281288581582e-04
2.396295119371962402e-04
5.209337216026005333e-06
1.146054187525721055e-04
5.209337216026005333e-06
8.334939545641608532e-05
9.376806988846808752e-05
2.292108375051442109e-04
3.073508957455342951e-04
2.031641514250141919e-04
1.771174653448841728e-04
1.093960815365461044e-04
1.041867443205201067e-05
2.604668608013002582e-05
1.979548142089881772e-04
2.187921630730922087e-04
3.386069190416903288e-04
2.604668608013002446e-04
9.376806988846808752e-05
4.167469772820804131e-04
2.708855352333522739e-04
1.146054187525721055e-04
1.406521048327021245e-04
1.250240931846241077e-04
1.041867443205201067e-05
4.167469772820804266e-05
1.354427676166761370e-04
2.448388491532222278e-04
1.406521048327021245e-04
1.875361397769361750e-04
2.448388491532222278e-04
3.125602329615602691e-05
8.334939545641608532e-05
1.614894536968061560e-04
6.251204659231205383e-05
2.552575235852742571e-04
2.031641514250141919e-04
2.083734886410402133e-05
2.656761980173262322e-04
2.187921630730922087e-04
3.698629423378463625e-04
1.198147559685981201e-04
4.167469772820804266e-05
1.666987909128321706e-04
1.093960815365461044e-04
2.813042096654042490e-04
1.510707792647541538e-04
4.688403494423404376e-05
2.135828258570661941e-04
3.281882446096382995e-04
7.814005824039007067e-05
7.293072102436406958e-05
2.344201747211702256e-04
3.646536051218203479e-05
1.041867443205201033e-04
1.198147559685981201e-04
1.927454769929621897e-04
1.041867443205201067e-05
5.209337216026005333e-06
2.448388491532222278e-04
1.458614420487281392e-04
2.604668608013002582e-05
1.041867443205201067e-05
5.209337216026005333e-06
1.250240931846241077e-04
2.969322213134822658e-04
1.666987909128321706e-04
8.334939545641608532e-05
2.604668608013002582e-05
2.135828258570661941e-04
2.083734886410402065e-04
3.125602329615602691e-05
1.354427676166761370e-04
1.041867443205201033e-04
4.688403494423404376e-05
3.281882446096382995e-04
2.083734886410402065e-04
1.562801164807801346e-05
1.406521048327021245e-04
5.209337216026005163e-05
8.334939545641608532e-05
1.562801164807801346e-05
2.396295119371962402e-04
5.209337216026005163e-05
1.562801164807801346e-05
1.771174653448841728e-04
7.293072102436406958e-05
1.041867443205201067e-05
1.614894536968061560e-04
1.354427676166761370e-04
3.125602329615602691e-05
9.897740710449408862e-05
1.093960815365461044e-04
1.614894536968061560e-04
4.167469772820804266e-05
2.031641514250141919e-04
2.604668608013002582e-05
5.730270937628605273e-05
2.083734886410402133e-05
3.177695701775863244e-04
1.250240931846241077e-04
1.146054187525721055e-04
3.125602329615602691e-05
2.083734886410402133e-05
5.209337216026005333e-06
2.708855352333522739e-04
2.083734886410402133e-05
1.146054187525721055e-04
5.730270937628605273e-05
1.041867443205201033e-04
8.334939545641608532e-05
5.209337216026005333e-06
2.292108375051442109e-04
1.562801164807801413e-04
7.293072102436406958e-05
1.719081281288581582e-04
1.406521048327021245e-04
1.041867443205201067e-05
2.396295119371962402e-04
3.646536051218203479e-05
1.093960815365461044e-04
2.656761980173262322e-04
2.083734886410402065e-04
3.125602329615602691e-05
7.293072102436406958e-05
1.302334304006501223e-04
3.125602329615602691e-05
1.979548142089881772e-04
5.209337216026005163e-05
3.854909539859243794e-04
3.125602329615602691e-05
5.209337216026005333e-06
1.614894536968061560e-04
2.396295119371962402e-04
2.135828258570661941e-04
1.041867443205201067e-05
8.334939545641608532e-05
1.562801164807801346e-05
2.292108375051442109e-04
3.646536051218203479e-05
1.146054187525721055e-04
2.344201747211702256e-04
1.510707792647541538e-04
2.813042096654042490e-04
5.209337216026005333e-06
6.772138380833806848e-05
7.814005824039007067e-05
3.125602329615602827e-04
1.510707792647541538e-04
2.969322213134822658e-04
5.209337216026005163e-05
1.510707792647541538e-04
1.198147559685981201e-04
4.167469772820804266e-05
1.041867443205201067e-05
2.135828258570661941e-04
3.125602329615602691e-05
6.251204659231205383e-05
5.209337216026005163e-05
5.209337216026005333e-06
8.334939545641608532e-05
1.302334304006501223e-04
8.855873267244208642e-05
1.979548142089881772e-04
1.562801164807801413e-04
2.604668608013002446e-04
3.646536051218203479e-05
5.209337216026005333e-06
1.510707792647541538e-04
5.209337216026005163e-05
8.334939545641608532e-05
6.772138380833806848e-05
5.209337216026005333e-06
3.021415585295083076e-04
2.083734886410402065e-04
1.250240931846241077e-04
8.334939545641608532e-05
4.167469772820804266e-05
4.688403494423404376e-05
2.240015002891182234e-04
7.814005824039007067e-05
1.614894536968061560e-04
5.209337216026005333e-06
2.135828258570661941e-04
2.083734886410402133e-05
6.251204659231205383e-05
2.083734886410402133e-05
1.406521048327021245e-04
1.562801164807801346e-05
1.562801164807801346e-05
1.354427676166761370e-04
1.927454769929621897e-04
1.719081281288581582e-04
9.376806988846808752e-05
1.771174653448841728e-04
2.344201747211702256e-04
3.646536051218203479e-05
2.969322213134822658e-04
1.406521048327021245e-04
1.510707792647541538e-04
2.604668608013002582e-05
9.897740710449408862e-05
8.855873267244208642e-05
7.814005824039007067e-05
7.293072102436406958e-05
4.688403494423404376e-05
2.083734886410402133e-05
1.614894536968061560e-04
5.730270937628605273e-05
1.823268025609101875e-04
2.031641514250141919e-04
5.730270937628605273e-05
4.688403494423404376e-05
7.814005824039007067e-05
1.041867443205201033e-04
2.292108375051442109e-04
3.125602329615602691e-05
8.334939545641608532e-05
2.448388491532222278e-04
1.041867443205201033e-04
5.730270937628605273e-05
2.604668608013002582e-05
2.135828258570661941e-04
7.293072102436406958e-05
1.510707792647541538e-04
7.814005824039007067e-05
2.969322213134822658e-04
5.209337216026005333e-06
6.251204659231205383e-05
1.927454769929621897e-04
3.125602329615602691e-05
2.813042096654042490e-04
2.604668608013002582e-05
9.897740710449408862e-05
1.093960815365461044e-04
9.897740710449408862e-05
1.719081281288581582e-04
2.031641514250141919e-04
9.897740710449408862e-05
6.251204659231205383e-05
2.760948724493782615e-04
3.125602329615602691e-05
3.125602329615602691e-05
4.167469772820804266e-05
2.396295119371962402e-04
5.209337216026005333e-06
1.875361397769361750e-04
1.041867443205201033e-04
8.334939545641608532e-05
5.209337216026005333e-06
1.927454769929621897e-04
1.302334304006501223e-04
2.083734886410402133e-05
2.760948724493782615e-04
1.614894536968061560e-04
5.209337216026005333e-06
9.376806988846808752e-05
2.083734886410402133e-05
3.646536051218203479e-05
1.406521048327021245e-04
1.510707792647541538e-04
2.344201747211702256e-04
3.750722795538723501e-04
5.209337216026005163e-05
5.209337216026005333e-06
1.302334304006501223e-04
5.730270937628605273e-05
2.708855352333522739e-04
1.041867443205201067e-05
3.125602329615602691e-05
8.855873267244208642e-05
6.772138380833806848e-05
3.646536051218203479e-05
4.167469772820804266e-05
1.562801164807801413e-04
2.448388491532222278e-04
1.719081281288581582e-04
2.083734886410402133e-05
1.666987909128321706e-04
1.614894536968061560e-04
3.073508957455342951e-04
1.198147559685981201e-04
1.041867443205201033e-04
1.198147559685981201e-04
1.562801164807801413e-04
1.719081281288581582e-04
6.772138380833806848e-05
1.927454769929621897e-04
1.458614420487281392e-04
1.041867443205201033e-04
5.209337216026005333e-06
1.458614420487281392e-04
2.083734886410402133e-05
1.562801164807801346e-05
3.646536051218203479e-05
1.562801164807801346e-05
4.167469772820804266e-05
2.656761980173262322e-04
1.562801164807801346e-05
6.251204659231205383e-05
1.041867443205201067e-05
2.604668608013002582e-05
5.209337216026005333e-06
1.146054187525721055e-04
1.719081281288581582e-04
1.302334304006501223e-04
5.209337216026005163e-05
8.855873267244208642e-05
1.198147559685981201e-04
3.177695701775863244e-04
2.604668608013002582e-05
4.688403494423404376e-05
1.093960815365461044e-04
5.209337216026005333e-06
5.209337216026005333e-06
8.334939545641608532e-05
1.041867443205201067e-05
8.855873267244208642e-05
3.229789073936123120e-04
1.562801164807801413e-04
8.334939545641608532e-05
8.334939545641608532e-05
1.406521048327021245e-04
4.688403494423404376e-05
3.125602329615602827e-04
1.302334304006501223e-04
2.083734886410402133e-05
6.251204659231205383e-05
2.292108375051442109e-04
2.604668608013002446e-04
3.646536051218203479e-05
2.604668608013002446e-04
2.240015002891182234e-04
9.376806988846808752e-05
8.334939545641608532e-05
2.604668608013002446e-04
9.376806988846808752e-05
1.562801164807801413e-04
1.198147559685981201e-04
3.125602329615602691e-05
3.646536051218203479e-05
1.250240931846241077e-04
3.125602329615602691e-05
6.772138380833806848e-05
3.125602329615602827e-04
2.135828258570661941e-04
1.614894536968061560e-04
2.708855352333522739e-04
2.292108375051442109e-04
5.209337216026005333e-06
1.562801164807801413e-04
9.376806988846808752e-05
1.562801164807801346e-05
3.125602329615602691e-05
5.209337216026005333e-06
3.125602329615602691e-05
9.897740710449408862e-05
1.927454769929621897e-04
5.209337216026005333e-06
3.281882446096382995e-04
1.250240931846241077e-04
2.500481863692482153e-04
2.240015002891182234e-04
5.209337216026005333e-06
2.500481863692482153e-04
1.458614420487281392e-04
5.730270937628605273e-05
3.125602329615602827e-04
2.604668608013002582e-05
6.772138380833806848e-05
1.302334304006501223e-04
8.334939545641608532e-05
5.730270937628605273e-05
5.209337216026005333e-06
1.562801164807801346e-05
1.198147559685981201e-04
5.209337216026005163e-05
1.823268025609101875e-04
9.376806988846808752e-05
2.604668608013002582e-05
7.293072102436406958e-05
1.927454769929621897e-04
6.251204659231205383e-05
8.855873267244208642e-05
5.209337216026005333e-06
9.897740710449408862e-05
1.354427676166761370e-04
6.772138380833806848e-05
1.093960815365461044e-04
2.500481863692482153e-04
1.927454769929621897e-04
1.198147559685981201e-04
1.406521048327021245e-04
4.167469772820804266e-05
4.167469772820804266e-05
3.646536051218203479e-05
2.604668608013002582e-05
2.708855352333522739e-04
3.646536051218203750e-04
1.719081281288581582e-04
1.041867443205201067e-05
1.302334304006501223e-04
3.646536051218203479e-05
1.041867443205201033e-04
2.240015002891182234e-04
1.562801164807801413e-04
3.125602329615602691e-05
2.552575235852742571e-04
5.209337216026005163e-05
2.865135468814302908e-04
2.708855352333522739e-04
4.167469772820804266e-05
3.646536051218203479e-05
1.562801164807801346e-05
2.083734886410402133e-05
4.167469772820804266e-05
5.209337216026005333e-06
1.979548142089881772e-04
1.562801164807801413e-04
1.771174653448841728e-04
1.093960815365461044e-04
5.209337216026005333e-06
1.354427676166761370e-04
3.646536051218203479e-05
1.093960815365461044e-04
2.813042096654042490e-04
7.293072102436406958e-05
2.604668608013002582e-05
8.334939545641608532e-05
2.083734886410402133e-05
4.688403494423404376e-05
5.209337216026005333e-06
9.376806988846808752e-05
1.041867443205201067e-05
5.209337216026005163e-05
1.666987909128321706e-04
1.562801164807801346e-05
5.209337216026005163e-05
6.251204659231205383e-05
1.823268025609101875e-04
9.376806988846808752e-05
4.688403494423404376e-05
5.730270937628605273e-05
1.302334304006501223e-04
1.614894536968061560e-04
8.334939545641608532e-05
3.646536051218203479e-05
4.167469772820804266e-05
1.875361397769361750e-04
1.771174653448841728e-04
2.604668608013002582e-05
8.855873267244208642e-05
5.209337216026005333e-06
4.167469772820804266e-05
6.772138380833806848e-05
5.209337216026005333e-06
1.250240931846241077e-04
1.562801164807801346e-05
1.406521048327021245e-04
1.406521048327021245e-04
5.209337216026005333e-06
5.209337216026005333e-06
4.688403494423404376e-05
2.604668608013002446e-04
1.302334304006501223e-04
1.875361397769361750e-04
7.814005824039007067e-05
2.135828258570661941e-04
1.146054187525721055e-04
1.406521048327021245e-04
6.772138380833806848e-05
5.209337216026005333e-06
1.979548142089881772e-04
2.604668608013002446e-04
1.250240931846241077e-04
2.604668608013002582e-05
5.209337216026005333e-06
3.646536051218203479e-05
4.167469772820804266e-05
7.814005824039007067e-05
2.917228840974562783e-04
1.198147559685981201e-04
5.730270937628605273e-05
1.614894536968061560e-04
1.250240931846241077e-04
1.562801164807801413e-04
9.897740710449408862e-05
3.646536051218203479e-05
2.604668608013002446e-04
6.251204659231205383e-05
5.209337216026005333e-06
1.146054187525721055e-04
7.293072102436406958e-05
5.209337216026005333e-06
8.334939545641608532e-05
1.146054187525721055e-04
5.209337216026005333e-06
2.552575235852742571e-04
1.198147559685981201e-04
2.604668608013002582e-05
1.041867443205201067e-05
5.209337216026005333e-06
4.167469772820804266e-05
1.302334304006501223e-04
1.354427676166761370e-04
4.688403494423404376e-05
5.209337216026005333e-06
4.167469772820804266e-05
7.814005824039007067e-05
1.406521048327021245e-04
2.813042096654042490e-04
1.354427676166761370e-04
8.855873267244208642e-05
1.146054187525721055e-04
3.125602329615602691e-05
2.292108375051442109e-04
1.562801164807801346e-05
5.209337216026005163e-05
6.251204659231205383e-05
1.562801164807801346e-05
5.209337216026005333e-06
2.083734886410402133e-05
1.927454769929621897e-04
1.041867443205201033e-04
5.209337216026005333e-06
5.209337216026005333e-06
1.562801164807801413e-04
3.125602329615602691e-05
2.083734886410402133e-05
2.031641514250141919e-04
1.771174653448841728e-04
5.730270937628605273e-05
9.376806988846808752e-05
2.135828258570661941e-04
1.458614420487281392e-04
5.209337216026005163e-05
2.604668608013002446e-04
7.814005824039007067e-05
1.510707792647541538e-04
4.167469772820804266e-05
5.209337216026005333e-06
5.209337216026005333e-06
5.209337216026005333e-06
1.302334304006501223e-04
5.209337216026005163e-05
7.293072102436406958e-05
1.406521048327021245e-04
1.146054187525721055e-04
5.209337216026005333e-06
5.209337216026005333e-06
3.125602329615602691e-05
5.209337216026005333e-06
1.562801164807801346e-05
6.772138380833806848e-05
1.927454769929621897e-04
4.688403494423404376e-05
1.093960815365461044e-04
1.562801164807801413e-04
1.719081281288581582e-04
1.041867443205201067e-05
2.083734886410402133e-05
3.125602329615602691e-05
1.510707792647541538e-04
1.250240931846241077e-04
2.813042096654042490e-04
2.083734886410402065e-04
1.823268025609101875e-04
1.562801164807801413e-04
1.041867443205201033e-04
6.251204659231205383e-05
8.334939545641608532e-05
5.209337216026005333e-06
7.814005824039007067e-05
1.719081281288581582e-04
1.041867443205201067e-05
5.730270937628605273e-05
1.406521048327021245e-04
5.730270937628605273e-05
5.209337216026005333e-06
1.041867443205201033e-04
7.814005824039007067e-05
2.604668608013002582e-05
5.209337216026005333e-06
1.458614420487281392e-04
1.510707792647541538e-04
2.604668608013002582e-05
9.376806988846808752e-05
1.146054187525721055e-04
5.209337216026005333e-06
1.666987909128321706e-04
5.209337216026005163e-05
7.293072102436406958e-05
6.251204659231205383e-05
9.897740710449408862e-05
2.083734886410402133e-05
1.562801164807801413e-04
5.209337216026005333e-06
4.688403494423404376e-05
2.448388491532222278e-04
5.209337216026005163e-05
1.979548142089881772e-04
5.209337216026005333e-06
3.125602329615602691e-05
6.772138380833806848e-05
4.167469772820804266e-05
8.334939545641608532e-05
9.376806988846808752e-05
1.875361397769361750e-04
6.772138380833806848e-05
5.209337216026005333e-06
1.614894536968061560e-04
1.041867443205201033e-04
6.772138380833806848e-05
2.604668608013002582e-05
1.562801164807801346e-05
1.562801164807801346e-05
1.562801164807801346e-05
5.209337216026005333e-06
3.125602329615602691e-05
1.302334304006501223e-04
1.510707792647541538e-04
8.855873267244208642e-05
1.198147559685981201e-04
1.875361397769361750e-04
3.646536051218203479e-05
9.376806988846808752e-05
4.167469772820804266e-05
1.875361397769361750e-04
1.562801164807801346e-05
5.209337216026005333e-06
1.250240931846241077e-04
1.198147559685981201e-04
3.646536051218203479e-05
1.250240931846241077e-04
1.823268025609101875e-04
2.135828258570661941e-04
1.146054187525721055e-04
1.458614420487281392e-04
1.875361397769361750e-04
5.209337216026005163e-05
1.406521048327021245e-04
1.093960815365461044e-04
1.614894536968061560e-04
2.604668608013002582e-05
9.897740710449408862e-05
1.093960815365461044e-04
5.730270937628605273e-05
4.688403494423404376e-05
1.406521048327021245e-04
2.083734886410402133e-05
5.209337216026005163e-05
3.646536051218203479e-05
3.646536051218203479e-05
1.041867443205201067e-05
1.198147559685981201e-04
5.209337216026005333e-06
6.772138380833806848e-05
5.209337216026005333e-06
1.250240931846241077e-04
2.604668608013002582e-05
2.240015002891182234e-04
5.730270937628605273e-05
2.187921630730922087e-04
1.562801164807801346e-05
6.772138380833806848e-05
5.209337216026005333e-06
1.562801164807801346e-05
1.093960815365461044e-04
4.688403494423404376e-05
6.772138380833806848e-05
5.209337216026005163e-05
7.293072102436406958e-05
5.209337216026005163e-05
2.083734886410402133e-05
2.604668608013002582e-05
3.646536051218203479e-05
3.125602329615602691e-05
4.167469772820804266e-05
1.875361397769361750e-04
5.209337216026005333e-06
1.250240931846241077e-04
9.376806988846808752e-05
1.093960815365461044e-04
2.031641514250141919e-04
2.604668608013002582e-05
8.855873267244208642e-05
6.772138380833806848e-05
1.302334304006501223e-04
5.209337216026005333e-06
4.688403494423404376e-05
1.562801164807801413e-04
1.927454769929621897e-04
1.875361397769361750e-04
2.604668608013002582e-05
1.979548142089881772e-04
5.209337216026005333e-06
5.209337216026005163e-05
3.125602329615602691e-05
1.041867443205201033e-04
2.240015002891182234e-04
1.198147559685981201e-04
5.730270937628605273e-05
7.814005824039007067e-05
5.209337216026005163e-05
1.302334304006501223e-04
2.604668608013002582e-05
4.688403494423404376e-05
1.250240931846241077e-04
8.855873267244208642e-05
1.771174653448841728e-04
5.209337216026005333e-06
9.376806988846808752e-05
6.251204659231205383e-05
1.875361397769361750e-04
1.146054187525721055e-04
1.302334304006501223e-04
5.209337216026005333e-06
2.083734886410402133e-05
5.209337216026005333e-06
2.604668608013002582e-05
3.125602329615602691e-05
1.979548142089881772e-04
2.240015002891182234e-04
5.730270937628605273e-05
1.041867443205201067e-05
5.209337216026005333e-06
5.209337216026005333e-06
8.855873267244208642e-05
5.209337216026005333e-06
5.209337216026005333e-06
6.251204659231205383e-05
2.031641514250141919e-04
2.135828258570661941e-04
5.209337216026005333e-06
2.240015002891182234e-04
7.293072102436406958e-05
2.604668608013002582e-05
1.823268025609101875e-04
2.083734886410402133e-05
1.041867443205201033e-04
1.823268025609101875e-04
5.209337216026005333e-06
1.562801164807801413e-04
2.083734886410402133e-05
1.041867443205201033e-04
4.688403494423404376e-05
5.209337216026005163e-05
2.187921630730922087e-04
6.772138380833806848e-05
8.855873267244208642e-05
4.167469772820804266e-05
1.354427676166761370e-04
6.772138380833806848e-05
1.198147559685981201e-04
5.730270937628605273e-05
1.562801164807801413e-04
1.875361397769361750e-04
1.562801164807801346e-05
4.167469772820804266e-05
1.198147559685981201e-04
3.646536051218203479e-05
9.376806988846808752e-05
4.688403494423404376e-05
1.302334304006501223e-04
9.897740710449408862e-05
5.209337216026005333e-06
6.251204659231205383e-05
1.250240931846241077e-04
2.604668608013002582e-05
5.209337216026005333e-06
1.719081281288581582e-04
1.041867443205201067e-05
1.771174653448841728e-04
2.083734886410402133e-05
8.334939545641608532e-05
5.209337216026005333e-06
2.604668608013002582e-05
5.209337216026005333e-06
3.125602329615602691e-05
5.209337216026005333e-06
2.604668608013002582e-05
3.646536051218203479e-05
1.771174653448841728e-04
7.293072102436406958e-05
6.772138380833806848e-05
1.146054187525721055e-04
4.167469772820804266e-05
1.562801164807801346e-05
3.646536051218203479e-05
6.772138380833806848e-05
1.562801164807801346e-05
6.772138380833806848e-05
5.209337216026005163e-05
1.510707792647541538e-04
1.562801164807801346e-05
5.209337216026005333e-06
3.125602329615602691e-05
1.041867443205201033e-04
1.510707792647541538e-04
8.334939545641608532e-05
2.604668608013002582e-05
1.146054187525721055e-04
1.041867443205201033e-04
5.209337216026005333e-06
3.646536051218203479e-05
1.562801164807801413e-04
1.875361397769361750e-04
3.125602329615602691e-05
2.604668608013002582e-05
1.614894536968061560e-04
9.376806988846808752e-05
5.209337216026005333e-06
1.666987909128321706e-04
1.406521048327021245e-04
6.251204659231205383e-05
2.083734886410402133e-05
1.823268025609101875e-04
5.209337216026005333e-06
8.855873267244208642e-05
8.334939545641608532e-05
1.562801164807801346e-05
4.688403494423404376e-05
8.855873267244208642e-05
5.209337216026005333e-06
2.083734886410402065e-04
5.209337216026005163e-05
4.688403494423404376e-05
6.251204659231205383e-05
6.251204659231205383e-05
1.562801164807801413e-04
5.209337216026005163e-05
5.209337216026005333e-06
9.376806988846808752e-05
3.125602329615602691e-05
1.666987909128321706e-04
6.772138380833806848e-05
1.771174653448841728e-04
5.209337216026005333e-06
1.562801164807801346e-05
5.730270937628605273e-05
4.167469772820804266e-05
5.209337216026005333e-06
3.646536051218203479e-05
9.376806988846808752e-05
2.604668608013002582e-05
4.688403494423404376e-05
1.354427676166761370e-04
2.604668608013002582e-05
6.772138380833806848e-05
1.041867443205201067e-05
6.772138380833806848e-05
1.093960815365461044e-04
8.855873267244208642e-05
6.251204659231205383e-05
7.293072102436406958e-05
5.209337216026005163e-05
1.302334304006501223e-04
2.604668608013002582e-05
1.875361397769361750e-04
2.083734886410402133e-05
5.209337216026005333e-06
1.562801164807801346e-05
1.458614420487281392e-04
7.293072102436406958e-05
1.614894536968061560e-04
1.198147559685981201e-04
5.730270937628605273e-05
1.198147559685981201e-04
6.251204659231205383e-05
4.688403494423404376e-05
1.562801164807801346e-05
5.209337216026005333e-06
3.646536051218203479e-05
9.376806988846808752e-05
5.730270937628605273e-05
2.135828258570661941e-04
1.041867443205201033e-04
8.334939545641608532e-05
6.251204659231205383e-05
1.979548142089881772e-04
5.209337216026005333e-06
5.209337216026005163e-05
1.719081281288581582e-04
5.209337216026005333e-06
6.251204659231205383e-05
4.688403494423404376e-05
4.688403494423404376e-05
3.646536051218203479e-05
1.354427676166761370e-04
1.041867443205201033e-04
2.604668608013002582e-05
1.041867443205201033e-04
4.167469772820804266e-05
4.688403494423404376e-05
3.646536051218203479e-05
1.250240931846241077e-04
2.083734886410402133e-05
7.814005824039007067e-05
8.855873267244208642e-05
1.562801164807801346e-05
1.562801164807801346e-05
5.209337216026005163e-05
3.125602329615602691e-05
1.562801164807801346e-05
9.376806988846808752e-05
5.730270937628605273e-05
5.209337216026005163e-05
5.730270937628605273e-05
5.209337216026005333e-06
2.083734886410402133e-05
3.646536051218203479e-05
1.041867443205201067e-05
1.562801164807801413e-04
2.083734886410402133e-05
5.209337216026005333e-06
1.562801164807801346e-05
5.209337216026005333e-06
1.562801164807801346e-05
5.209337216026005333e-06
2.031641514250141919e-04
2.031641514250141919e-04
7.293072102436406958e-05
2.604668608013002582e-05
5.209337216026005333e-06
6.772138380833806848e-05
1.771174653448841728e-04
1.041867443205201067e-05
1.562801164807801346e-05
4.688403494423404376e-05
7.814005824039007067e-05
2.604668608013002582e-05
5.209337216026005333e-06
1.041867443205201067e-05
1.562801164807801413e-04
1.979548142089881772e-04
2.604668608013002582e-05
4.688403494423404376e-05
8.855873267244208642e-05
5.209337216026005163e-05
4.167469772820804266e-05
9.897740710449408862e-05
1.146054187525721055e-04
5.209337216026005333e-06
5.209337216026005333e-06
2.083734886410402133e-05
1.041867443205201033e-04
1.562801164807801346e-05
5.209337216026005333e-06
3.125602329615602691e-05
5.209337216026005333e-06
1.041867443205201067e-05
9.897740710449408862e-05
1.719081281288581582e-04
3.646536051218203479e-05
1.041867443205201067e-05
5.209337216026005333e-06
7.293072102436406958e-05
1.041867443205201067e-05
8.855873267244208642e-05
9.376806988846808752e-05
1.562801164807801413e-04
1.146054187525721055e-04
4.167469772820804266e-05
1.041867443205201033e-04
6.772138380833806848e-05
7.293072102436406958e-05
2.604668608013002582e-05
5.209337216026005333e-06
6.772138380833806848e-05
3.125602329615602691e-05
5.209337216026005333e-06
5.209337216026005333e-06
1.458614420487281392e-04
1.093960815365461044e-04
6.772138380833806848e-05
2.083734886410402133e-05
2.604668608013002582e-05
6.772138380833806848e-05
2.083734886410402133e-05
5.209337216026005333e-06
1.979548142089881772e-04
1.146054187525721055e-04
5.209337216026005333e-06
1.666987909128321706e-04
5.209337216026005333e-06
1.562801164807801346e-05
1.666987909128321706e-04
4.688403494423404376e-05
6.772138380833806848e-05
1.041867443205201067e-05
6.251204659231205383e-05
3.125602329615602691e-05
2.604668608013002582e-05
5.209337216026005163e-05
7.293072102436406958e-05
2.604668608013002582e-05
5.730270937628605273e-05
8.334939545641608532e-05
5.730270937628605273e-05
5.730270937628605273e-05
1.562801164807801346e-05
3.125602329615602691e-05
1.041867443205201067e-05
9.376806988846808752e-05
9.376806988846808752e-05
8.334939545641608532e-05
7.814005824039007067e-05
1.041867443205201033e-04
3.646536051218203479e-05
1.093960815365461044e-04
5.209337216026005333e-06
2.135828258570661941e-04
1.041867443205201067e-05
5.730270937628605273e-05
2.448388491532222278e-04
2.604668608013002582e-05
2.240015002891182234e-04
4.688403494423404376e-05
1.250240931846241077e-04
2.187921630730922087e-04
2.448388491532222278e-04
1.458614420487281392e-04
5.730270937628605273e-05
8.334939545641608532e-05
6.772138380833806848e-05
8.334939545641608532e-05
1.198147559685981201e-04
5.209337216026005333e-06
8.334939545641608532e-05
1.562801164807801346e-05
8.855873267244208642e-05
1.719081281288581582e-04
5.209337216026005333e-06
3.125602329615602691e-05
9.897740710449408862e-05
1.719081281288581582e-04
5.209337216026005163e-05
5.209337216026005163e-05
1.198147559685981201e-04
5.730270937628605273e-05
1.354427676166761370e-04
7.814005824039007067e-05
1.041867443205201067e-05
5.209337216026005333e-06
8.334939545641608532e-05
1.093960815365461044e-04
1.041867443205201067e-05
6.772138380833806848e-05
1.041867443205201067e-05
1.146054187525721055e-04
6.251204659231205383e-05
2.083734886410402133e-05
1.250240931846241077e-04
1.406521048327021245e-04
5.209337216026005163e-05
1.562801164807801346e-05
8.855873267244208642e-05
5.209337216026005333e-06
6.251204659231205383e-05
6.251204659231205383e-05
5.209337216026005333e-06
1.198147559685981201e-04
2.604668608013002582e-05
1.093960815365461044e-04
1.041867443205201067e-05
3.646536051218203479e-05
2.083734886410402133e-05
5.209337216026005333e-06
1.198147559685981201e-04
7.814005824039007067e-05
1.041867443205201033e-04
8.334939545641608532e-05
5.209337216026005333e-06
1.562801164807801346e-05
1.562801164807801346e-05
2.083734886410402133e-05
5.209337216026005163e-05
3.646536051218203479e-05
1.562801164807801346e-05
1.302334304006501223e-04
1.510707792647541538e-04
1.666987909128321706e-04
1.250240931846241077e-04
3.125602329615602691e-05
1.458614420487281392e-04
5.209337216026005163e-05
4.688403494423404376e-05
1.354427676166761370e-04
3.646536051218203479e-05
1.875361397769361750e-04
1.093960815365461044e-04
2.083734886410402133e-05
2.344201747211702256e-04
8.334939545641608532e-05
6.251204659231205383e-05
1.458614420487281392e-04
3.125602329615602691e-05
5.209337216026005163e-05
1.510707792647541538e-04
1.093960815365461044e-04
1.562801164807801413e-04
1.354427676166761370e-04
1.562801164807801346e-05
9.376806988846808752e-05
1.510707792647541538e-04
1.146054187525721055e-04
1.562801164807801346e-05
2.083734886410402133e-05
1.562801164807801346e-05
7.814005824039007067e-05
5.209337216026005333e-06
1.406521048327021245e-04
5.209337216026005333e-06
9.897740710449408862e-05
3.125602329615602691e-05
9.376806988846808752e-05
1.041867443205201067e-05
8.334939545641608532e-05
1.510707792647541538e-04
