1.725755362020996164e-02
8.158574990309254774e-03
7.832874217572702996e-03
6.734207526440251501e-03
6.954399598149469189e-03
6.380982744740046862e-03
6.312172722330916877e-03
5.181394687407536899e-03
4.816701568639144074e-03
4.504762800384418293e-03
4.433659110561650497e-03
4.488707128488954486e-03
4.426778108320737065e-03
4.463476786938940302e-03
4.275396059020650230e-03
4.119426674893286906e-03
4.091902665929634912e-03
3.940520616629547210e-03
3.458850459765632976e-03
3.830424580774938366e-03
3.201959709438212051e-03
3.261595062192792095e-03
3.259301394779154284e-03
3.174435700474559623e-03
3.172142033060922246e-03
3.183610370129110433e-03
3.135443354442719009e-03
2.935894289456240317e-03
2.935894289456240317e-03
2.951949961351704125e-03
2.812036249119805043e-03
3.089570006169965397e-03
2.873965269288022897e-03
2.949656293938066314e-03
2.802861579465254233e-03
2.626249188615152347e-03
2.717995885160660006e-03
2.763869233433413619e-03
2.701940213265196199e-03
2.566613835860572738e-03
2.568907503274210115e-03
2.431287458455948843e-03
2.589550509996949544e-03
2.518446820174181314e-03
2.282199076569499385e-03
2.674416204301543771e-03
2.713408550333384385e-03
2.484041808969615888e-03
2.477160806728702890e-03
2.371652105701369233e-03
2.534502492069645122e-03
2.412938119146847658e-03
2.424406456215035845e-03
2.408350784319572037e-03
2.286786411396774573e-03
2.412938119146847658e-03
2.378533107942282232e-03
2.355596433805905426e-03
2.197333382264904725e-03
2.252381400192209147e-03
2.323485090014977810e-03
2.144579031751238114e-03
2.025308326242078460e-03
2.204214384505817723e-03
2.178984042955803106e-03
2.098705683478484067e-03
2.172103040714890108e-03
2.004665319519339031e-03
2.080356344169382882e-03
2.011546321760252030e-03
2.075769009342107261e-03
2.036776663310266647e-03
1.908331288146556184e-03
2.117055022787585686e-03
1.873926276941990758e-03
2.018427324001165028e-03
1.906037620732918591e-03
2.043657665551179645e-03
1.945029966764759205e-03
1.862457939873802355e-03
1.958791971246585419e-03
1.759242906260106510e-03
1.915212290387469183e-03
1.894569283664729971e-03
1.910624955560193778e-03
1.853283270219251763e-03
1.750068236605555700e-03
1.759242906260106510e-03
1.747774569191918106e-03
1.575749513169091408e-03
1.880807279182903973e-03
1.651440537819135043e-03
1.617035526614569833e-03
1.610154524373656835e-03
1.633091198510033641e-03
1.594098852478193027e-03
1.614741859200932239e-03
1.630797531096396047e-03
1.603273522132743619e-03
1.637678533337309046e-03
1.612448191787294429e-03
1.639972200750946640e-03
1.502352155932685368e-03
1.445010470591743352e-03
1.525288830069062391e-03
1.534463499723612984e-03
1.628503863682758237e-03
1.545931836791801604e-03
1.488590151450859371e-03
1.545931836791801604e-03
1.529876164896337796e-03
1.440423135764467948e-03
1.497764821105410180e-03
1.454185140246293945e-03
1.394549787491714118e-03
1.376200448182612716e-03
1.261517077500728251e-03
1.394549787491714118e-03
1.369319445941699501e-03
1.403724457146264927e-03
1.440423135764467948e-03
1.438129468350830137e-03
1.314271428014395079e-03
1.800528919705584934e-03
1.364732111114424096e-03
1.403724457146264927e-03
1.385375117837163309e-03
1.458772475073569349e-03
1.401430789732627117e-03
1.245461405605264443e-03
1.314271428014395079e-03
1.367025778528061907e-03
1.341795436978047290e-03
1.167476713541582998e-03
1.334914434737134292e-03
1.311977760600757268e-03
1.252342407846177442e-03
1.394549787491714118e-03
1.348676439218960289e-03
1.309684093187119674e-03
1.156008376473394595e-03
1.362438443700786503e-03
1.231699401123438229e-03
1.263810744914365845e-03
1.231699401123438229e-03
1.233993068537076040e-03
1.229405733709800636e-03
1.252342407846177442e-03
1.224818398882525231e-03
1.291334753878018273e-03
1.323446097668945888e-03
1.259223410087090657e-03
1.247755073018902037e-03
1.112428695614278576e-03
1.197294389918873020e-03
1.105547693373365578e-03
1.275279081982554465e-03
1.291334753878018273e-03
1.215643729227974422e-03
1.059674345100611748e-03
1.176651383196133807e-03
1.133071702337017789e-03
1.137659037164293193e-03
1.197294389918873020e-03
1.178945050609771401e-03
1.233993068537076040e-03
1.137659037164293193e-03
1.146833706818843786e-03
1.309684093187119674e-03
1.071142682168800151e-03
1.188119720264322211e-03
1.119309697855191575e-03
1.133071702337017789e-03
1.153714709059757001e-03
1.061968012514249342e-03
1.142246371991568381e-03
1.167476713541582998e-03
1.174357715782496214e-03
1.162889378714307594e-03
1.126190700096104573e-03
1.066555347341524747e-03
1.100960358546090173e-03
1.025269333896046322e-03
1.084904686650626365e-03
1.137659037164293193e-03
1.016094664241495730e-03
1.087198354064263959e-03
1.016094664241495730e-03
1.073436349582437745e-03
9.954516575187565171e-04
1.036737670964234942e-03
1.080317351823350961e-03
9.037049609732489665e-04
1.009213662000582514e-03
1.176651383196133807e-03
1.066555347341524747e-03
1.119309697855191575e-03
1.011507329414220325e-03
1.034444003550597131e-03
1.061968012514249342e-03
8.899429564914228610e-04
1.013800996827857919e-03
1.039031338377872536e-03
1.036737670964234942e-03
8.326012711504806284e-04
1.064261679927887153e-03
9.748086507960173046e-04
9.862769878642057078e-04
1.011507329414220325e-03
9.014112935596112642e-04
9.931579901051187063e-04
9.610466463141911992e-04
1.027563001309684133e-03
1.016094664241495730e-03
9.518719766596403899e-04
9.862769878642057078e-04
8.784746194232343494e-04
1.057380677686973938e-03
1.059674345100611748e-03
9.885706552778433017e-04
8.234266014959299275e-04
9.059986283868866688e-04
9.839833204505681139e-04
9.541656440732780922e-04
9.082922958005243711e-04
8.738872845959590532e-04
9.656339811414664954e-04
9.266416351096258813e-04
9.289353025232634752e-04
9.128796306277996674e-04
1.009213662000582514e-03
9.610466463141911992e-04
8.188392666686545229e-04
8.761809520095967556e-04
9.243479676959881789e-04
9.174669654550750720e-04
9.335226373505388798e-04
8.371886059777560330e-04
7.592039139140745879e-04
8.463632756323067339e-04
1.002332659759669516e-03
9.312289699369011775e-04
9.151732980414373697e-04
8.211329340822922252e-04
9.266416351096258813e-04
8.509506104595821385e-04
9.381099721778142844e-04
8.463632756323067339e-04
9.014112935596112642e-04
7.775532532231760980e-04
9.312289699369011775e-04
8.853556216641474564e-04
8.463632756323067339e-04
8.968239587323358596e-04
7.706722509822630995e-04
8.027835947731907151e-04
9.312289699369011775e-04
8.280139363232052237e-04
8.853556216641474564e-04
8.119582644277414159e-04
8.142519318413791183e-04
8.463632756323067339e-04
8.830619542505097541e-04
8.692999497686836486e-04
8.899429564914228610e-04
8.532442778732198408e-04
8.417759408050314376e-04
7.844342554640892050e-04
7.844342554640892050e-04
8.922366239050605633e-04
8.715936171823213509e-04
8.303076037368429261e-04
7.959025925322776081e-04
7.936089251186399058e-04
7.936089251186399058e-04
8.371886059777560330e-04
7.293862375367846746e-04
7.844342554640892050e-04
7.844342554640892050e-04
7.706722509822630995e-04
8.188392666686545229e-04
8.555379452868575431e-04
7.133305656413208668e-04
8.280139363232052237e-04
8.027835947731907151e-04
7.569102465004369940e-04
8.027835947731907151e-04
8.119582644277414159e-04
7.844342554640892050e-04
8.073709296004661197e-04
7.752595858095383957e-04
7.523229116731615894e-04
7.202115678822339738e-04
7.683785835686253972e-04
7.316799049504223770e-04
8.440696082186690315e-04
7.293862375367846746e-04
7.477355768458861848e-04
7.637912487413499926e-04
7.936089251186399058e-04
7.569102465004369940e-04
7.156242330549585692e-04
7.133305656413208668e-04
7.247989027095092700e-04
7.683785835686253972e-04
7.637912487413499926e-04
7.614975813277122902e-04
7.867279228777269073e-04
7.936089251186399058e-04
7.339735723640600793e-04
7.546165790867992917e-04
7.339735723640600793e-04
7.385609071913354839e-04
7.821405880504515027e-04
7.064495634004077599e-04
7.385609071913354839e-04
7.018622285731324637e-04
6.559888803003786342e-04
7.385609071913354839e-04
6.169965342685380201e-04
7.798469206368138004e-04
7.293862375367846746e-04
6.743382196094801443e-04
6.789255544367555489e-04
6.881002240913063582e-04
6.697508847822048481e-04
7.225052352958716761e-04
7.362672397776977816e-04
7.270925701231469723e-04
7.179179004685962715e-04
7.293862375367846746e-04
7.683785835686253972e-04
6.743382196094801443e-04
6.514015454731033380e-04
6.514015454731033380e-04
7.385609071913354839e-04
6.972748937458570591e-04
7.156242330549585692e-04
6.124091994412626154e-04
6.858065566776686559e-04
6.789255544367555489e-04
6.926875589185816544e-04
6.881002240913063582e-04
6.881002240913063582e-04
6.651635499549294435e-04
6.536952128867410403e-04
6.582825477140163365e-04
6.720445521958425504e-04
7.018622285731324637e-04
6.697508847822048481e-04
6.169965342685380201e-04
6.353458735776395302e-04
7.110368982276831645e-04
6.674572173685671458e-04
6.514015454731033380e-04
6.215838690958133163e-04
6.353458735776395302e-04
7.110368982276831645e-04
6.582825477140163365e-04
6.858065566776686559e-04
7.385609071913354839e-04
6.330522061640018279e-04
6.559888803003786342e-04
6.376395409912772325e-04
7.270925701231469723e-04
6.628698825412917411e-04
6.628698825412917411e-04
6.766318870231178466e-04
6.743382196094801443e-04
6.766318870231178466e-04
7.064495634004077599e-04
6.697508847822048481e-04
6.353458735776395302e-04
6.514015454731033380e-04
6.720445521958425504e-04
6.536952128867410403e-04
6.674572173685671458e-04
6.536952128867410403e-04
6.169965342685380201e-04
6.559888803003786342e-04
6.582825477140163365e-04
6.995685611594947614e-04
6.536952128867410403e-04
6.399332084049148264e-04
6.628698825412917411e-04
6.032345297867119146e-04
5.986471949594365100e-04
6.582825477140163365e-04
5.619485163412334897e-04
6.238775365094510186e-04
6.238775365094510186e-04
6.238775365094510186e-04
5.825915230639727022e-04
6.147028668549003178e-04
6.192902016821757224e-04
5.206625028957550649e-04
6.124091994412626154e-04
6.422268758185525287e-04
6.422268758185525287e-04
6.169965342685380201e-04
6.238775365094510186e-04
6.835128892640309536e-04
5.665358511685088944e-04
6.284648713367264232e-04
5.894725253048857007e-04
6.536952128867410403e-04
6.009408623730742123e-04
5.825915230639727022e-04
6.078218646139872108e-04
5.734168534094218929e-04
5.619485163412334897e-04
6.353458735776395302e-04
6.238775365094510186e-04
5.206625028957550649e-04
5.825915230639727022e-04
6.124091994412626154e-04
5.596548489275957874e-04
6.261712039230887209e-04
5.917661927185234030e-04
6.238775365094510186e-04
5.757105208230595952e-04
5.963535275457988076e-04
5.780041882366972975e-04
6.009408623730742123e-04
5.963535275457988076e-04
5.802978556503349998e-04
6.101155320276249131e-04
5.871788578912481068e-04
6.101155320276249131e-04
6.055281972003495085e-04
5.986471949594365100e-04
5.917661927185234030e-04
5.665358511685088944e-04
6.215838690958133163e-04
5.734168534094218929e-04
5.321308399639435764e-04
5.688295185821465967e-04
6.284648713367264232e-04
5.894725253048857007e-04
6.101155320276249131e-04
5.711231859957841906e-04
5.137815006548420663e-04
6.261712039230887209e-04
5.734168534094218929e-04
6.078218646139872108e-04
5.963535275457988076e-04
5.435991770321319796e-04
5.435991770321319796e-04
5.504801792730450866e-04
5.206625028957550649e-04
5.688295185821465967e-04
5.757105208230595952e-04
5.458928444457696819e-04
5.481865118594073842e-04
5.619485163412334897e-04
5.504801792730450866e-04
4.977258287593782585e-04
5.688295185821465967e-04
5.596548489275957874e-04
5.573611815139580851e-04
5.573611815139580851e-04
6.032345297867119146e-04
4.610271501411752383e-04
5.802978556503349998e-04
5.848851904776104045e-04
5.275435051366681718e-04
5.069004984139289594e-04
5.252498377230304695e-04
5.160751680684797687e-04
5.206625028957550649e-04
5.527738466866827889e-04
4.770828220366390461e-04
5.550675141003203828e-04
4.931384939321028539e-04
5.183688354821174710e-04
5.137815006548420663e-04
5.160751680684797687e-04
5.458928444457696819e-04
5.665358511685088944e-04
4.472651456593490786e-04
5.321308399639435764e-04
4.449714782457114305e-04
5.321308399639435764e-04
5.229561703093927672e-04
5.275435051366681718e-04
4.885511591048274493e-04
5.114878332412043640e-04
4.724954872093636415e-04
4.151538018684214630e-04
5.023131635866535548e-04
5.069004984139289594e-04
5.137815006548420663e-04
5.000194961730159609e-04
5.114878332412043640e-04
5.114878332412043640e-04
5.252498377230304695e-04
4.495588130729867809e-04
4.954321613457405562e-04
5.069004984139289594e-04
4.908448265184651516e-04
4.770828220366390461e-04
5.137815006548420663e-04
5.183688354821174710e-04
4.977258287593782585e-04
5.367181747912188727e-04
4.633208175548129406e-04
5.137815006548420663e-04
4.587334827275375360e-04
4.724954872093636415e-04
4.151538018684214630e-04
5.023131635866535548e-04
5.321308399639435764e-04
4.908448265184651516e-04
4.885511591048274493e-04
4.885511591048274493e-04
5.413055096184942773e-04
5.137815006548420663e-04
4.747891546230013438e-04
5.435991770321319796e-04
4.862574916911898012e-04
4.357968085911606755e-04
5.183688354821174710e-04
5.390118422048565750e-04
4.702018197957259934e-04
4.908448265184651516e-04
4.633208175548129406e-04
4.793764894502767484e-04
5.137815006548420663e-04
5.091941658275666617e-04
5.137815006548420663e-04
5.069004984139289594e-04
5.000194961730159609e-04
4.518524804866244833e-04
5.046068310002912571e-04
4.312094737638852708e-04
4.564398153138998337e-04
4.197411366956968677e-04
4.770828220366390461e-04
4.380904760047983778e-04
4.816701568639143965e-04
4.862574916911898012e-04
5.252498377230304695e-04
4.931384939321028539e-04
4.954321613457405562e-04
4.862574916911898012e-04
5.000194961730159609e-04
4.495588130729867809e-04
4.770828220366390461e-04
4.403841434184360259e-04
3.876297929047691979e-04
4.724954872093636415e-04
4.702018197957259934e-04
5.091941658275666617e-04
4.449714782457114305e-04
4.747891546230013438e-04
4.564398153138998337e-04
4.243284715229722181e-04
4.335031411775229731e-04
4.885511591048274493e-04
4.312094737638852708e-04
4.105664670411461126e-04
4.128601344547837607e-04
4.656144849684505887e-04
4.610271501411752383e-04
4.931384939321028539e-04
4.151538018684214630e-04
4.724954872093636415e-04
4.770828220366390461e-04
4.128601344547837607e-04
4.495588130729867809e-04
4.403841434184360259e-04
4.013917973865953575e-04
3.761614558365807947e-04
4.357968085911606755e-04
4.610271501411752383e-04
4.059791322138707080e-04
4.541461479002621856e-04
3.257007727365516690e-04
3.876297929047691979e-04
4.220348041093345158e-04
4.679081523820882911e-04
4.082727996275084103e-04
4.174474692820591653e-04
4.059791322138707080e-04
4.266221389366099204e-04
4.679081523820882911e-04
3.669867861820300396e-04
4.610271501411752383e-04
4.128601344547837607e-04
4.495588130729867809e-04
4.335031411775229731e-04
4.243284715229722181e-04
4.151538018684214630e-04
4.518524804866244833e-04
4.036854648002330599e-04
4.036854648002330599e-04
3.348754423911024240e-04
4.082727996275084103e-04
4.289158063502476227e-04
3.876297929047691979e-04
4.082727996275084103e-04
4.541461479002621856e-04
4.174474692820591653e-04
4.564398153138998337e-04
4.082727996275084103e-04
3.784551232502184970e-04
3.555184491138415823e-04
3.738677884229430924e-04
4.426778108320737282e-04
4.036854648002330599e-04
3.830424580774938474e-04
4.105664670411461126e-04
4.013917973865953575e-04
4.128601344547837607e-04
3.784551232502184970e-04
4.036854648002330599e-04
4.495588130729867809e-04
3.830424580774938474e-04
3.646931187683923373e-04
3.990981299729576552e-04
4.335031411775229731e-04
2.339540761910441455e-04
3.853361254911315498e-04
3.968044625593199529e-04
4.357968085911606755e-04
3.990981299729576552e-04
4.128601344547837607e-04
4.036854648002330599e-04
3.646931187683923373e-04
3.990981299729576552e-04
3.486374468729285295e-04
3.784551232502184970e-04
3.830424580774938474e-04
3.532247817002038799e-04
3.761614558365807947e-04
4.197411366956968677e-04
3.669867861820300396e-04
4.013917973865953575e-04
4.633208175548129406e-04
4.357968085911606755e-04
3.761614558365807947e-04
3.394627772183777745e-04
3.578121165274792846e-04
3.922171277320446025e-04
3.715741210093053901e-04
3.165261030820009139e-04
3.440501120456531791e-04
3.990981299729576552e-04
3.279944401501893171e-04
3.807487906638561451e-04
3.761614558365807947e-04
3.990981299729576552e-04
3.692804535956677420e-04
3.601057839411169869e-04
4.541461479002621856e-04
4.174474692820591653e-04
2.408350784319571983e-04
4.082727996275084103e-04
3.738677884229430924e-04
4.151538018684214630e-04
3.440501120456531791e-04
3.692804535956677420e-04
3.899234603184069002e-04
3.738677884229430924e-04
4.059791322138707080e-04
3.830424580774938474e-04
3.486374468729285295e-04
3.876297929047691979e-04
4.082727996275084103e-04
3.899234603184069002e-04
3.715741210093053901e-04
3.784551232502184970e-04
3.876297929047691979e-04
3.899234603184069002e-04
3.669867861820300396e-04
3.096451008410878612e-04
3.784551232502184970e-04
3.669867861820300396e-04
3.440501120456531791e-04
4.013917973865953575e-04
3.945107951456823048e-04
3.669867861820300396e-04
3.968044625593199529e-04
3.463437794592908272e-04
3.555184491138415823e-04
3.555184491138415823e-04
3.784551232502184970e-04
3.302881075638270194e-04
3.623994513547546350e-04
3.669867861820300396e-04
4.105664670411461126e-04
3.578121165274792846e-04
3.440501120456531791e-04
3.990981299729576552e-04
3.784551232502184970e-04
3.738677884229430924e-04
3.394627772183777745e-04
3.715741210093053901e-04
3.922171277320446025e-04
3.692804535956677420e-04
3.761614558365807947e-04
3.486374468729285295e-04
3.509311142865662318e-04
3.692804535956677420e-04
3.371691098047400722e-04
2.844147592910732983e-04
3.646931187683923373e-04
3.692804535956677420e-04
3.325817749774647217e-04
3.417564446320154768e-04
3.096451008410878612e-04
3.486374468729285295e-04
3.532247817002038799e-04
3.486374468729285295e-04
3.463437794592908272e-04
3.119387682547255093e-04
3.371691098047400722e-04
3.761614558365807947e-04
3.669867861820300396e-04
3.417564446320154768e-04
3.371691098047400722e-04
3.211134379092762644e-04
4.541461479002621856e-04
3.646931187683923373e-04
3.738677884229430924e-04
3.486374468729285295e-04
3.486374468729285295e-04
3.325817749774647217e-04
3.623994513547546350e-04
3.234071053229139667e-04
3.532247817002038799e-04
3.142324356683632116e-04
3.142324356683632116e-04
3.188197704956386162e-04
2.844147592910732983e-04
3.325817749774647217e-04
3.257007727365516690e-04
3.578121165274792846e-04
3.142324356683632116e-04
3.302881075638270194e-04
3.463437794592908272e-04
3.211134379092762644e-04
3.417564446320154768e-04
3.417564446320154768e-04
3.394627772183777745e-04
3.853361254911315498e-04
3.761614558365807947e-04
2.729464222228848410e-04
3.394627772183777745e-04
3.211134379092762644e-04
3.027640986001747542e-04
3.004704311865371061e-04
3.096451008410878612e-04
3.211134379092762644e-04
3.509311142865662318e-04
3.165261030820009139e-04
3.555184491138415823e-04
3.623994513547546350e-04
3.302881075638270194e-04
3.417564446320154768e-04
3.325817749774647217e-04
3.050577660138124566e-04
3.440501120456531791e-04
3.486374468729285295e-04
2.637717525683340859e-04
3.669867861820300396e-04
3.234071053229139667e-04
2.890020941183486488e-04
3.532247817002038799e-04
3.325817749774647217e-04
3.417564446320154768e-04
3.440501120456531791e-04
3.509311142865662318e-04
3.623994513547546350e-04
3.234071053229139667e-04
4.335031411775229731e-04
3.486374468729285295e-04
3.279944401501893171e-04
3.188197704956386162e-04
3.302881075638270194e-04
3.279944401501893171e-04
3.738677884229430924e-04
2.981767637728994038e-04
3.532247817002038799e-04
3.234071053229139667e-04
2.958830963592617015e-04
3.119387682547255093e-04
3.302881075638270194e-04
3.348754423911024240e-04
3.234071053229139667e-04
3.165261030820009139e-04
3.050577660138124566e-04
3.119387682547255093e-04
2.981767637728994038e-04
3.257007727365516690e-04
3.234071053229139667e-04
3.027640986001747542e-04
2.821210918774355960e-04
2.798274244637978937e-04
3.142324356683632116e-04
2.981767637728994038e-04
3.027640986001747542e-04
3.348754423911024240e-04
3.692804535956677420e-04
3.004704311865371061e-04
3.234071053229139667e-04
3.004704311865371061e-04
3.578121165274792846e-04
3.302881075638270194e-04
3.211134379092762644e-04
3.234071053229139667e-04
3.257007727365516690e-04
2.752400896365225433e-04
3.165261030820009139e-04
3.096451008410878612e-04
3.325817749774647217e-04
3.234071053229139667e-04
3.073514334274501589e-04
3.142324356683632116e-04
2.683590873956094363e-04
2.523034155001456285e-04
2.890020941183486488e-04
2.316604087774064703e-04
2.821210918774355960e-04
3.119387682547255093e-04
3.142324356683632116e-04
3.119387682547255093e-04
3.142324356683632116e-04
3.096451008410878612e-04
3.165261030820009139e-04
2.798274244637978937e-04
2.339540761910441455e-04
2.912957615319863511e-04
2.935894289456240534e-04
2.912957615319863511e-04
2.912957615319863511e-04
3.257007727365516690e-04
2.981767637728994038e-04
3.027640986001747542e-04
3.257007727365516690e-04
3.211134379092762644e-04
2.935894289456240534e-04
2.729464222228848410e-04
2.912957615319863511e-04
2.545970829137833309e-04
2.201920717092180129e-04
2.729464222228848410e-04
3.784551232502184970e-04
2.775337570501601914e-04
2.958830963592617015e-04
2.867084267047109464e-04
2.844147592910732983e-04
2.912957615319863511e-04
3.004704311865371061e-04
3.073514334274501589e-04
2.706527548092471386e-04
3.486374468729285295e-04
3.027640986001747542e-04
3.165261030820009139e-04
2.958830963592617015e-04
2.844147592910732983e-04
3.050577660138124566e-04
2.844147592910732983e-04
3.027640986001747542e-04
2.912957615319863511e-04
2.912957615319863511e-04
3.279944401501893171e-04
3.050577660138124566e-04
2.775337570501601914e-04
2.775337570501601914e-04
2.912957615319863511e-04
3.096451008410878612e-04
3.142324356683632116e-04
1.811997256773773175e-04
2.247794065364933905e-04
2.477160806728702781e-04
2.500097480865079804e-04
2.981767637728994038e-04
2.706527548092471386e-04
3.348754423911024240e-04
3.119387682547255093e-04
3.234071053229139667e-04
2.545970829137833309e-04
2.867084267047109464e-04
3.119387682547255093e-04
2.821210918774355960e-04
2.821210918774355960e-04
3.119387682547255093e-04
2.362477436046818207e-04
3.004704311865371061e-04
2.890020941183486488e-04
2.981767637728994038e-04
2.591844177410587355e-04
4.036854648002330599e-04
3.211134379092762644e-04
2.568907503274210332e-04
2.500097480865079804e-04
3.027640986001747542e-04
2.798274244637978937e-04
2.339540761910441455e-04
2.981767637728994038e-04
2.729464222228848410e-04
2.545970829137833309e-04
3.096451008410878612e-04
2.637717525683340859e-04
2.431287458455949006e-04
2.408350784319571983e-04
2.890020941183486488e-04
2.729464222228848410e-04
2.912957615319863511e-04
2.545970829137833309e-04
2.752400896365225433e-04
2.500097480865079804e-04
2.752400896365225433e-04
2.660654199819717882e-04
3.004704311865371061e-04
2.614780851546963836e-04
3.027640986001747542e-04
2.362477436046818207e-04
2.316604087774064703e-04
2.660654199819717882e-04
2.637717525683340859e-04
2.477160806728702781e-04
2.844147592910732983e-04
2.729464222228848410e-04
2.752400896365225433e-04
2.683590873956094363e-04
2.247794065364933905e-04
3.050577660138124566e-04
2.591844177410587355e-04
2.545970829137833309e-04
2.293667413637687680e-04
2.270730739501310928e-04
2.385414110183195231e-04
2.683590873956094363e-04
2.729464222228848410e-04
2.775337570501601914e-04
5.504801792730450324e-05
3.027640986001747542e-04
2.316604087774064703e-04
2.224857391228557153e-04
2.798274244637978937e-04
3.096451008410878612e-04
2.523034155001456285e-04
2.591844177410587355e-04
2.110174020546672579e-04
2.500097480865079804e-04
2.316604087774064703e-04
2.706527548092471386e-04
2.568907503274210332e-04
3.188197704956386162e-04
2.316604087774064703e-04
2.660654199819717882e-04
2.477160806728702781e-04
2.431287458455949006e-04
2.477160806728702781e-04
2.844147592910732983e-04
2.156047368819426354e-04
2.316604087774064703e-04
2.614780851546963836e-04
2.545970829137833309e-04
2.362477436046818207e-04
2.660654199819717882e-04
2.591844177410587355e-04
2.844147592910732983e-04
2.339540761910441455e-04
3.188197704956386162e-04
2.431287458455949006e-04
2.523034155001456285e-04
2.523034155001456285e-04
2.660654199819717882e-04
2.775337570501601914e-04
1.926680627455657749e-04
2.752400896365225433e-04
2.293667413637687680e-04
2.706527548092471386e-04
2.545970829137833309e-04
2.568907503274210332e-04
2.247794065364933905e-04
2.523034155001456285e-04
2.752400896365225433e-04
2.477160806728702781e-04
2.316604087774064703e-04
2.385414110183195231e-04
2.798274244637978937e-04
2.454224132592325758e-04
2.821210918774355960e-04
2.087237346410295827e-04
2.316604087774064703e-04
2.500097480865079804e-04
2.614780851546963836e-04
2.477160806728702781e-04
2.270730739501310928e-04
2.385414110183195231e-04
2.545970829137833309e-04
2.683590873956094363e-04
2.454224132592325758e-04
2.545970829137833309e-04
2.775337570501601914e-04
2.614780851546963836e-04
2.454224132592325758e-04
2.706527548092471386e-04
2.316604087774064703e-04
2.591844177410587355e-04
2.821210918774355960e-04
2.408350784319571983e-04
1.238580403364351391e-04
2.523034155001456285e-04
2.545970829137833309e-04
2.637717525683340859e-04
2.431287458455949006e-04
2.385414110183195231e-04
2.041363998137542051e-04
2.454224132592325758e-04
2.454224132592325758e-04
2.316604087774064703e-04
2.087237346410295827e-04
2.568907503274210332e-04
2.591844177410587355e-04
2.087237346410295827e-04
2.385414110183195231e-04
2.247794065364933905e-04
2.385414110183195231e-04
2.385414110183195231e-04
2.224857391228557153e-04
2.614780851546963836e-04
2.293667413637687680e-04
2.293667413637687680e-04
2.683590873956094363e-04
1.674377211955512120e-04
2.224857391228557153e-04
2.041363998137542051e-04
2.247794065364933905e-04
2.293667413637687680e-04
2.156047368819426354e-04
2.477160806728702781e-04
2.018427324001165299e-04
2.339540761910441455e-04
2.201920717092180129e-04
2.500097480865079804e-04
2.178984042955803377e-04
2.362477436046818207e-04
2.201920717092180129e-04
2.293667413637687680e-04
1.903743953319280726e-04
2.660654199819717882e-04
2.958830963592617015e-04
2.247794065364933905e-04
2.477160806728702781e-04
2.500097480865079804e-04
2.247794065364933905e-04
1.972553975728411524e-04
2.316604087774064703e-04
2.614780851546963836e-04
1.972553975728411524e-04
2.247794065364933905e-04
2.385414110183195231e-04
2.201920717092180129e-04
2.087237346410295827e-04
2.110174020546672579e-04
2.339540761910441455e-04
2.614780851546963836e-04
2.247794065364933905e-04
2.178984042955803377e-04
2.156047368819426354e-04
2.454224132592325758e-04
2.339540761910441455e-04
2.201920717092180129e-04
2.064300672273918804e-04
2.339540761910441455e-04
2.568907503274210332e-04
2.133110694683049602e-04
2.178984042955803377e-04
2.362477436046818207e-04
2.064300672273918804e-04
2.477160806728702781e-04
1.490883818864497019e-04
2.087237346410295827e-04
2.110174020546672579e-04
1.880807279182903973e-04
1.926680627455657749e-04
2.133110694683049602e-04
2.064300672273918804e-04
2.339540761910441455e-04
2.362477436046818207e-04
2.133110694683049602e-04
2.133110694683049602e-04
2.293667413637687680e-04
1.995490649864788276e-04
2.362477436046818207e-04
2.110174020546672579e-04
2.362477436046818207e-04
2.133110694683049602e-04
1.995490649864788276e-04
2.270730739501310928e-04
2.316604087774064703e-04
2.201920717092180129e-04
6.192902016821756953e-05
1.972553975728411524e-04
2.133110694683049602e-04
2.339540761910441455e-04
2.431287458455949006e-04
1.857870605046526950e-04
2.408350784319571983e-04
2.408350784319571983e-04
2.156047368819426354e-04
1.834933930910150198e-04
1.467947144728120267e-04
1.445010470591743244e-04
2.178984042955803377e-04
2.133110694683049602e-04
1.880807279182903973e-04
2.500097480865079804e-04
2.201920717092180129e-04
2.087237346410295827e-04
1.422073796455366492e-04
2.362477436046818207e-04
2.339540761910441455e-04
1.949617301592034501e-04
1.857870605046526950e-04
2.201920717092180129e-04
1.949617301592034501e-04
2.156047368819426354e-04
2.385414110183195231e-04
1.789060582637396423e-04
2.133110694683049602e-04
1.995490649864788276e-04
1.903743953319280726e-04
1.789060582637396423e-04
2.041363998137542051e-04
1.467947144728120267e-04
2.064300672273918804e-04
1.880807279182903973e-04
1.926680627455657749e-04
1.903743953319280726e-04
1.857870605046526950e-04
1.949617301592034501e-04
1.995490649864788276e-04
2.041363998137542051e-04
2.156047368819426354e-04
2.041363998137542051e-04
1.857870605046526950e-04
2.087237346410295827e-04
1.949617301592034501e-04
1.743187234364642648e-04
1.857870605046526950e-04
2.408350784319571983e-04
1.926680627455657749e-04
2.477160806728702781e-04
2.270730739501310928e-04
1.605567189546381322e-04
1.766123908501019400e-04
1.834933930910150198e-04
1.490883818864497019e-04
1.972553975728411524e-04
1.926680627455657749e-04
2.041363998137542051e-04
2.064300672273918804e-04
1.857870605046526950e-04
2.087237346410295827e-04
1.651440537819135097e-04
1.857870605046526950e-04
1.834933930910150198e-04
1.789060582637396423e-04
2.018427324001165299e-04
2.087237346410295827e-04
2.064300672273918804e-04
1.926680627455657749e-04
1.903743953319280726e-04
1.789060582637396423e-04
2.041363998137542051e-04
1.697313886091888872e-04
2.339540761910441455e-04
2.041363998137542051e-04
1.949617301592034501e-04
2.201920717092180129e-04
2.064300672273918804e-04
1.674377211955512120e-04
2.224857391228557153e-04
2.178984042955803377e-04
1.949617301592034501e-04
1.995490649864788276e-04
2.224857391228557153e-04
1.926680627455657749e-04
2.110174020546672579e-04
1.536757167137250794e-04
1.880807279182903973e-04
1.995490649864788276e-04
2.798274244637978937e-04
1.857870605046526950e-04
2.110174020546672579e-04
1.857870605046526950e-04
1.880807279182903973e-04
2.270730739501310928e-04
2.110174020546672579e-04
2.041363998137542051e-04
1.995490649864788276e-04
1.376200448182612716e-04
1.857870605046526950e-04
2.064300672273918804e-04
1.330327099909858941e-04
1.743187234364642648e-04
2.087237346410295827e-04
2.270730739501310928e-04
1.582630515410004570e-04
1.284453751637105166e-04
1.903743953319280726e-04
1.628503863682758345e-04
2.041363998137542051e-04
2.087237346410295827e-04
1.995490649864788276e-04
1.880807279182903973e-04
1.513820493000873771e-04
1.880807279182903973e-04
2.064300672273918804e-04
1.857870605046526950e-04
1.582630515410004570e-04
1.766123908501019400e-04
1.903743953319280726e-04
2.133110694683049602e-04
1.651440537819135097e-04
1.743187234364642648e-04
1.697313886091888872e-04
2.018427324001165299e-04
1.811997256773773175e-04
1.559693841273627546e-04
1.674377211955512120e-04
1.903743953319280726e-04
2.110174020546672579e-04
1.880807279182903973e-04
1.834933930910150198e-04
1.811997256773773175e-04
1.422073796455366492e-04
2.018427324001165299e-04
1.857870605046526950e-04
1.995490649864788276e-04
1.857870605046526950e-04
2.064300672273918804e-04
1.651440537819135097e-04
1.834933930910150198e-04
2.110174020546672579e-04
1.674377211955512120e-04
1.697313886091888872e-04
1.720250560228265896e-04
1.880807279182903973e-04
1.720250560228265896e-04
1.743187234364642648e-04
1.743187234364642648e-04
1.582630515410004570e-04
1.582630515410004570e-04
1.857870605046526950e-04
1.926680627455657749e-04
1.353263774046235693e-04
2.224857391228557153e-04
1.880807279182903973e-04
1.995490649864788276e-04
1.467947144728120267e-04
1.903743953319280726e-04
1.697313886091888872e-04
1.743187234364642648e-04
1.651440537819135097e-04
9.633403137278288744e-05
1.926680627455657749e-04
2.018427324001165299e-04
1.674377211955512120e-04
1.559693841273627546e-04
1.972553975728411524e-04
1.949617301592034501e-04
1.536757167137250794e-04
1.811997256773773175e-04
1.720250560228265896e-04
1.674377211955512120e-04
1.674377211955512120e-04
1.605567189546381322e-04
1.949617301592034501e-04
1.949617301592034501e-04
1.811997256773773175e-04
1.811997256773773175e-04
2.431287458455949006e-04
1.789060582637396423e-04
1.766123908501019400e-04
1.949617301592034501e-04
1.697313886091888872e-04
2.064300672273918804e-04
1.651440537819135097e-04
1.857870605046526950e-04
1.353263774046235693e-04
1.674377211955512120e-04
1.903743953319280726e-04
1.743187234364642648e-04
1.445010470591743244e-04
1.834933930910150198e-04
1.674377211955512120e-04
1.284453751637105166e-04
1.605567189546381322e-04
1.513820493000873771e-04
2.178984042955803377e-04
1.857870605046526950e-04
1.766123908501019400e-04
1.972553975728411524e-04
1.834933930910150198e-04
1.834933930910150198e-04
1.674377211955512120e-04
2.087237346410295827e-04
1.628503863682758345e-04
1.995490649864788276e-04
1.651440537819135097e-04
1.536757167137250794e-04
1.789060582637396423e-04
1.743187234364642648e-04
1.559693841273627546e-04
1.536757167137250794e-04
1.651440537819135097e-04
1.697313886091888872e-04
1.353263774046235693e-04
1.789060582637396423e-04
1.972553975728411524e-04
1.674377211955512120e-04
1.490883818864497019e-04
1.697313886091888872e-04
2.018427324001165299e-04
1.789060582637396423e-04
1.674377211955512120e-04
1.720250560228265896e-04
1.536757167137250794e-04
1.467947144728120267e-04
1.857870605046526950e-04
1.926680627455657749e-04
1.651440537819135097e-04
1.766123908501019400e-04
1.880807279182903973e-04
1.628503863682758345e-04
1.857870605046526950e-04
1.720250560228265896e-04
1.376200448182612716e-04
1.697313886091888872e-04
1.582630515410004570e-04
1.834933930910150198e-04
1.720250560228265896e-04
1.811997256773773175e-04
1.582630515410004570e-04
1.582630515410004570e-04
1.743187234364642648e-04
1.582630515410004570e-04
1.536757167137250794e-04
1.766123908501019400e-04
1.513820493000873771e-04
1.559693841273627546e-04
1.513820493000873771e-04
1.766123908501019400e-04
1.445010470591743244e-04
1.720250560228265896e-04
1.628503863682758345e-04
1.811997256773773175e-04
1.605567189546381322e-04
1.490883818864497019e-04
1.422073796455366492e-04
1.674377211955512120e-04
1.628503863682758345e-04
1.376200448182612716e-04
1.674377211955512120e-04
1.513820493000873771e-04
1.697313886091888872e-04
1.467947144728120267e-04
1.513820493000873771e-04
1.674377211955512120e-04
1.559693841273627546e-04
1.467947144728120267e-04
1.720250560228265896e-04
1.559693841273627546e-04
1.674377211955512120e-04
1.651440537819135097e-04
1.330327099909858941e-04
1.582630515410004570e-04
1.674377211955512120e-04
1.789060582637396423e-04
1.789060582637396423e-04
1.674377211955512120e-04
1.697313886091888872e-04
1.353263774046235693e-04
1.926680627455657749e-04
1.697313886091888872e-04
1.513820493000873771e-04
1.926680627455657749e-04
1.536757167137250794e-04
1.697313886091888872e-04
1.261517077500728143e-04
1.559693841273627546e-04
1.582630515410004570e-04
1.789060582637396423e-04
1.789060582637396423e-04
1.697313886091888872e-04
1.513820493000873771e-04
1.169770380955220728e-04
1.467947144728120267e-04
1.513820493000873771e-04
1.674377211955512120e-04
1.903743953319280726e-04
1.766123908501019400e-04
7.798469206368137732e-05
1.857870605046526950e-04
1.674377211955512120e-04
1.605567189546381322e-04
1.697313886091888872e-04
1.169770380955220728e-04
1.628503863682758345e-04
1.490883818864497019e-04
1.628503863682758345e-04
1.605567189546381322e-04
1.628503863682758345e-04
1.559693841273627546e-04
1.330327099909858941e-04
1.720250560228265896e-04
1.559693841273627546e-04
1.559693841273627546e-04
1.284453751637105166e-04
1.857870605046526950e-04
1.513820493000873771e-04
1.467947144728120267e-04
1.605567189546381322e-04
1.605567189546381322e-04
1.605567189546381322e-04
1.330327099909858941e-04
1.238580403364351391e-04
1.605567189546381322e-04
1.513820493000873771e-04
1.559693841273627546e-04
1.445010470591743244e-04
1.605567189546381322e-04
1.559693841273627546e-04
1.651440537819135097e-04
1.376200448182612716e-04
1.536757167137250794e-04
1.513820493000873771e-04
1.559693841273627546e-04
1.422073796455366492e-04
1.376200448182612716e-04
1.559693841273627546e-04
1.766123908501019400e-04
1.743187234364642648e-04
1.720250560228265896e-04
1.628503863682758345e-04
1.445010470591743244e-04
1.628503863682758345e-04
1.697313886091888872e-04
1.422073796455366492e-04
1.536757167137250794e-04
1.445010470591743244e-04
1.743187234364642648e-04
1.445010470591743244e-04
1.559693841273627546e-04
1.605567189546381322e-04
1.353263774046235693e-04
1.490883818864497019e-04
1.353263774046235693e-04
1.789060582637396423e-04
1.697313886091888872e-04
1.582630515410004570e-04
1.605567189546381322e-04
1.330327099909858941e-04
1.628503863682758345e-04
1.078023684409713177e-04
1.674377211955512120e-04
1.422073796455366492e-04
1.582630515410004570e-04
1.307390425773481918e-04
1.100960358546090065e-04
1.330327099909858941e-04
1.261517077500728143e-04
1.605567189546381322e-04
1.353263774046235693e-04
1.353263774046235693e-04
1.490883818864497019e-04
1.399137122318989469e-04
6.881002240913063582e-05
1.582630515410004570e-04
1.995490649864788276e-04
1.559693841273627546e-04
1.536757167137250794e-04
1.307390425773481918e-04
1.720250560228265896e-04
1.353263774046235693e-04
1.261517077500728143e-04
1.215643729227974503e-04
1.445010470591743244e-04
1.032150336136959402e-04
1.399137122318989469e-04
1.146833706818843840e-04
1.376200448182612716e-04
1.628503863682758345e-04
1.536757167137250794e-04
1.307390425773481918e-04
1.100960358546090065e-04
1.376200448182612716e-04
1.513820493000873771e-04
1.330327099909858941e-04
1.169770380955220728e-04
1.445010470591743244e-04
1.399137122318989469e-04
1.307390425773481918e-04
8.027835947731906609e-05
1.467947144728120267e-04
1.307390425773481918e-04
1.376200448182612716e-04
1.353263774046235693e-04
1.376200448182612716e-04
1.445010470591743244e-04
1.330327099909858941e-04
1.422073796455366492e-04
1.628503863682758345e-04
1.697313886091888872e-04
1.307390425773481918e-04
1.399137122318989469e-04
1.559693841273627546e-04
1.123897032682466952e-04
1.330327099909858941e-04
1.582630515410004570e-04
1.467947144728120267e-04
1.513820493000873771e-04
1.628503863682758345e-04
1.078023684409713177e-04
1.536757167137250794e-04
1.192707055091597615e-04
1.307390425773481918e-04
1.330327099909858941e-04
1.651440537819135097e-04
1.467947144728120267e-04
1.605567189546381322e-04
1.697313886091888872e-04
1.032150336136959402e-04
1.513820493000873771e-04
1.307390425773481918e-04
1.376200448182612716e-04
1.284453751637105166e-04
1.376200448182612716e-04
1.238580403364351391e-04
1.330327099909858941e-04
1.651440537819135097e-04
1.238580403364351391e-04
1.284453751637105166e-04
1.628503863682758345e-04
1.467947144728120267e-04
1.399137122318989469e-04
1.353263774046235693e-04
1.490883818864497019e-04
1.284453751637105166e-04
1.513820493000873771e-04
1.238580403364351391e-04
1.445010470591743244e-04
1.330327099909858941e-04
1.330327099909858941e-04
1.284453751637105166e-04
1.467947144728120267e-04
1.422073796455366492e-04
1.376200448182612716e-04
1.238580403364351391e-04
1.513820493000873771e-04
1.330327099909858941e-04
1.605567189546381322e-04
1.100960358546090065e-04
1.238580403364351391e-04
1.215643729227974503e-04
1.192707055091597615e-04
5.504801792730450324e-05
1.009213662000582650e-04
1.123897032682466952e-04
1.399137122318989469e-04
1.353263774046235693e-04
1.215643729227974503e-04
1.307390425773481918e-04
1.628503863682758345e-04
1.445010470591743244e-04
1.330327099909858941e-04
1.055087010273336289e-04
1.215643729227974503e-04
1.215643729227974503e-04
1.032150336136959402e-04
1.307390425773481918e-04
1.307390425773481918e-04
1.307390425773481918e-04
1.032150336136959402e-04
1.078023684409713177e-04
1.605567189546381322e-04
1.284453751637105166e-04
1.353263774046235693e-04
1.330327099909858941e-04
1.330327099909858941e-04
1.307390425773481918e-04
1.376200448182612716e-04
1.651440537819135097e-04
1.376200448182612716e-04
1.238580403364351391e-04
1.123897032682466952e-04
1.284453751637105166e-04
1.490883818864497019e-04
1.445010470591743244e-04
1.284453751637105166e-04
1.376200448182612716e-04
1.376200448182612716e-04
1.353263774046235693e-04
1.376200448182612716e-04
1.422073796455366492e-04
1.628503863682758345e-04
1.100960358546090065e-04
1.100960358546090065e-04
1.536757167137250794e-04
1.284453751637105166e-04
1.445010470591743244e-04
1.146833706818843840e-04
1.467947144728120267e-04
1.376200448182612716e-04
1.261517077500728143e-04
1.353263774046235693e-04
1.559693841273627546e-04
1.376200448182612716e-04
1.399137122318989469e-04
1.146833706818843840e-04
1.422073796455366492e-04
1.238580403364351391e-04
1.238580403364351391e-04
1.307390425773481918e-04
1.353263774046235693e-04
1.284453751637105166e-04
1.284453751637105166e-04
1.376200448182612716e-04
1.055087010273336289e-04
1.284453751637105166e-04
1.215643729227974503e-04
1.192707055091597615e-04
1.422073796455366492e-04
1.399137122318989469e-04
9.633403137278288744e-05
1.215643729227974503e-04
1.009213662000582650e-04
1.284453751637105166e-04
1.307390425773481918e-04
1.284453751637105166e-04
1.307390425773481918e-04
1.215643729227974503e-04
1.192707055091597615e-04
1.192707055091597615e-04
1.284453751637105166e-04
1.215643729227974503e-04
1.720250560228265896e-04
1.215643729227974503e-04
1.169770380955220728e-04
6.192902016821756953e-05
1.100960358546090065e-04
1.307390425773481918e-04
1.330327099909858941e-04
1.169770380955220728e-04
1.445010470591743244e-04
1.215643729227974503e-04
1.490883818864497019e-04
1.215643729227974503e-04
1.307390425773481918e-04
1.330327099909858941e-04
1.330327099909858941e-04
1.353263774046235693e-04
9.633403137278288744e-05
1.467947144728120267e-04
1.490883818864497019e-04
1.192707055091597615e-04
1.192707055091597615e-04
1.192707055091597615e-04
1.353263774046235693e-04
1.192707055091597615e-04
9.862769878642057620e-05
1.490883818864497019e-04
1.445010470591743244e-04
1.055087010273336289e-04
1.055087010273336289e-04
1.123897032682466952e-04
1.100960358546090065e-04
1.078023684409713177e-04
1.169770380955220728e-04
1.307390425773481918e-04
1.284453751637105166e-04
1.330327099909858941e-04
1.284453751637105166e-04
1.169770380955220728e-04
1.261517077500728143e-04
1.100960358546090065e-04
1.146833706818843840e-04
1.307390425773481918e-04
1.192707055091597615e-04
1.284453751637105166e-04
1.399137122318989469e-04
1.353263774046235693e-04
9.862769878642057620e-05
1.376200448182612716e-04
9.174669654550750991e-05
1.169770380955220728e-04
1.123897032682466952e-04
1.215643729227974503e-04
1.261517077500728143e-04
1.353263774046235693e-04
1.192707055091597615e-04
1.238580403364351391e-04
1.490883818864497019e-04
1.192707055091597615e-04
1.353263774046235693e-04
1.100960358546090065e-04
1.215643729227974503e-04
8.715936171823213238e-05
1.422073796455366492e-04
1.445010470591743244e-04
1.078023684409713177e-04
1.330327099909858941e-04
1.215643729227974503e-04
1.215643729227974503e-04
1.376200448182612716e-04
1.192707055091597615e-04
1.261517077500728143e-04
1.284453751637105166e-04
1.123897032682466952e-04
1.123897032682466952e-04
1.078023684409713177e-04
1.192707055091597615e-04
1.307390425773481918e-04
1.123897032682466952e-04
1.078023684409713177e-04
8.486569430459444362e-05
9.404036395914519867e-05
1.078023684409713177e-04
1.445010470591743244e-04
1.169770380955220728e-04
1.559693841273627546e-04
1.628503863682758345e-04
1.078023684409713177e-04
1.330327099909858941e-04
8.027835947731906609e-05
1.146833706818843840e-04
1.353263774046235693e-04
9.633403137278288744e-05
1.238580403364351391e-04
1.169770380955220728e-04
8.486569430459444362e-05
9.404036395914519867e-05
1.238580403364351391e-04
1.513820493000873771e-04
1.330327099909858941e-04
1.169770380955220728e-04
1.169770380955220728e-04
7.798469206368137732e-05
1.399137122318989469e-04
1.078023684409713177e-04
1.032150336136959402e-04
1.353263774046235693e-04
1.330327099909858941e-04
1.192707055091597615e-04
1.169770380955220728e-04
1.261517077500728143e-04
1.123897032682466952e-04
1.146833706818843840e-04
1.100960358546090065e-04
1.169770380955220728e-04
1.215643729227974503e-04
1.307390425773481918e-04
1.307390425773481918e-04
1.215643729227974503e-04
1.307390425773481918e-04
1.055087010273336289e-04
1.238580403364351391e-04
1.238580403364351391e-04
1.192707055091597615e-04
1.055087010273336289e-04
1.055087010273336289e-04
8.257202689095675485e-05
1.146833706818843840e-04
1.399137122318989469e-04
1.100960358546090065e-04
8.257202689095675485e-05
1.261517077500728143e-04
1.009213662000582650e-04
1.009213662000582650e-04
1.078023684409713177e-04
1.261517077500728143e-04
1.284453751637105166e-04
1.582630515410004570e-04
1.192707055091597615e-04
9.404036395914519867e-05
1.169770380955220728e-04
1.192707055091597615e-04
1.123897032682466952e-04
9.862769878642057620e-05
1.146833706818843840e-04
1.009213662000582650e-04
1.146833706818843840e-04
1.146833706818843840e-04
1.284453751637105166e-04
1.307390425773481918e-04
5.734168534094219200e-05
1.284453751637105166e-04
8.945302913186982115e-05
1.307390425773481918e-04
1.605567189546381322e-04
1.146833706818843840e-04
1.146833706818843840e-04
1.261517077500728143e-04
1.192707055091597615e-04
1.261517077500728143e-04
1.307390425773481918e-04
1.146833706818843840e-04
1.009213662000582650e-04
1.192707055091597615e-04
1.238580403364351391e-04
1.261517077500728143e-04
1.192707055091597615e-04
1.169770380955220728e-04
1.009213662000582650e-04
1.078023684409713177e-04
1.330327099909858941e-04
1.215643729227974503e-04
1.146833706818843840e-04
1.009213662000582650e-04
7.798469206368137732e-05
1.307390425773481918e-04
1.169770380955220728e-04
1.100960358546090065e-04
8.257202689095675485e-05
1.284453751637105166e-04
1.169770380955220728e-04
1.055087010273336289e-04
1.169770380955220728e-04
1.146833706818843840e-04
1.169770380955220728e-04
1.055087010273336289e-04
1.169770380955220728e-04
1.307390425773481918e-04
1.123897032682466952e-04
1.146833706818843840e-04
1.123897032682466952e-04
8.715936171823213238e-05
1.078023684409713177e-04
1.192707055091597615e-04
1.192707055091597615e-04
1.192707055091597615e-04
1.146833706818843840e-04
1.284453751637105166e-04
8.486569430459444362e-05
1.192707055091597615e-04
1.192707055091597615e-04
9.174669654550750991e-05
1.215643729227974503e-04
9.174669654550750991e-05
1.215643729227974503e-04
9.404036395914519867e-05
1.123897032682466952e-04
1.032150336136959402e-04
1.261517077500728143e-04
1.215643729227974503e-04
1.146833706818843840e-04
1.215643729227974503e-04
1.146833706818843840e-04
1.192707055091597615e-04
1.192707055091597615e-04
1.353263774046235693e-04
1.123897032682466952e-04
4.587334827275375495e-05
1.100960358546090065e-04
1.261517077500728143e-04
1.146833706818843840e-04
1.215643729227974503e-04
9.862769878642057620e-05
1.169770380955220728e-04
9.404036395914519867e-05
1.100960358546090065e-04
1.330327099909858941e-04
1.146833706818843840e-04
1.146833706818843840e-04
1.032150336136959402e-04
1.261517077500728143e-04
8.715936171823213238e-05
1.032150336136959402e-04
1.100960358546090065e-04
1.009213662000582650e-04
1.146833706818843840e-04
1.238580403364351391e-04
1.169770380955220728e-04
1.123897032682466952e-04
1.078023684409713177e-04
9.862769878642057620e-05
1.009213662000582650e-04
1.078023684409713177e-04
1.123897032682466952e-04
9.862769878642057620e-05
1.169770380955220728e-04
1.032150336136959402e-04
8.945302913186982115e-05
1.032150336136959402e-04
1.215643729227974503e-04
1.078023684409713177e-04
1.032150336136959402e-04
1.307390425773481918e-04
9.633403137278288744e-05
1.078023684409713177e-04
1.009213662000582650e-04
8.945302913186982115e-05
9.862769878642057620e-05
1.055087010273336289e-04
1.055087010273336289e-04
8.486569430459444362e-05
1.169770380955220728e-04
9.633403137278288744e-05
1.169770380955220728e-04
1.078023684409713177e-04
1.032150336136959402e-04
1.100960358546090065e-04
1.055087010273336289e-04
1.238580403364351391e-04
9.404036395914519867e-05
1.078023684409713177e-04
1.238580403364351391e-04
9.862769878642057620e-05
1.169770380955220728e-04
4.128601344547837743e-05
1.169770380955220728e-04
1.009213662000582650e-04
9.174669654550750991e-05
1.009213662000582650e-04
9.862769878642057620e-05
1.078023684409713177e-04
1.009213662000582650e-04
1.078023684409713177e-04
1.146833706818843840e-04
7.339735723640601335e-05
1.032150336136959402e-04
9.862769878642057620e-05
1.078023684409713177e-04
9.633403137278288744e-05
1.169770380955220728e-04
1.192707055091597615e-04
9.633403137278288744e-05
8.486569430459444362e-05
1.009213662000582650e-04
1.100960358546090065e-04
9.633403137278288744e-05
8.945302913186982115e-05
1.192707055091597615e-04
1.192707055091597615e-04
6.881002240913063582e-05
9.404036395914519867e-05
1.100960358546090065e-04
8.486569430459444362e-05
1.215643729227974503e-04
1.032150336136959402e-04
1.055087010273336289e-04
1.261517077500728143e-04
1.009213662000582650e-04
9.174669654550750991e-05
8.945302913186982115e-05
9.633403137278288744e-05
9.862769878642057620e-05
1.009213662000582650e-04
1.100960358546090065e-04
1.330327099909858941e-04
1.009213662000582650e-04
9.862769878642057620e-05
9.404036395914519867e-05
1.146833706818843840e-04
8.715936171823213238e-05
9.174669654550750991e-05
9.862769878642057620e-05
9.862769878642057620e-05
1.123897032682466952e-04
9.862769878642057620e-05
9.404036395914519867e-05
7.110368982276832458e-05
1.192707055091597615e-04
9.404036395914519867e-05
1.146833706818843840e-04
1.009213662000582650e-04
1.192707055091597615e-04
8.715936171823213238e-05
9.174669654550750991e-05
8.027835947731906609e-05
1.307390425773481918e-04
1.215643729227974503e-04
1.169770380955220728e-04
8.715936171823213238e-05
1.100960358546090065e-04
8.027835947731906609e-05
9.174669654550750991e-05
8.715936171823213238e-05
9.862769878642057620e-05
9.633403137278288744e-05
9.404036395914519867e-05
9.862769878642057620e-05
9.633403137278288744e-05
1.100960358546090065e-04
1.078023684409713177e-04
9.862769878642057620e-05
1.238580403364351391e-04
9.174669654550750991e-05
9.174669654550750991e-05
8.945302913186982115e-05
1.169770380955220728e-04
9.174669654550750991e-05
8.945302913186982115e-05
1.032150336136959402e-04
8.945302913186982115e-05
1.032150336136959402e-04
7.339735723640601335e-05
9.862769878642057620e-05
8.486569430459444362e-05
9.633403137278288744e-05
9.174669654550750991e-05
1.078023684409713177e-04
1.032150336136959402e-04
1.032150336136959402e-04
1.032150336136959402e-04
7.569102465004368856e-05
1.032150336136959402e-04
9.633403137278288744e-05
9.174669654550750991e-05
9.174669654550750991e-05
8.715936171823213238e-05
1.078023684409713177e-04
1.078023684409713177e-04
1.009213662000582650e-04
9.174669654550750991e-05
1.009213662000582650e-04
9.862769878642057620e-05
9.174669654550750991e-05
9.633403137278288744e-05
9.174669654550750991e-05
9.404036395914519867e-05
9.862769878642057620e-05
1.100960358546090065e-04
9.633403137278288744e-05
1.055087010273336289e-04
1.169770380955220728e-04
1.032150336136959402e-04
8.257202689095675485e-05
1.169770380955220728e-04
9.174669654550750991e-05
1.032150336136959402e-04
9.633403137278288744e-05
9.404036395914519867e-05
7.569102465004368856e-05
1.215643729227974503e-04
9.633403137278288744e-05
9.404036395914519867e-05
7.798469206368137732e-05
1.009213662000582650e-04
7.798469206368137732e-05
8.027835947731906609e-05
9.174669654550750991e-05
9.404036395914519867e-05
6.651635499549294706e-05
1.009213662000582650e-04
9.633403137278288744e-05
6.881002240913063582e-05
1.078023684409713177e-04
1.032150336136959402e-04
1.032150336136959402e-04
8.945302913186982115e-05
8.945302913186982115e-05
8.486569430459444362e-05
1.032150336136959402e-04
9.633403137278288744e-05
9.862769878642057620e-05
1.078023684409713177e-04
1.078023684409713177e-04
6.192902016821756953e-05
9.174669654550750991e-05
9.633403137278288744e-05
7.798469206368137732e-05
8.945302913186982115e-05
8.486569430459444362e-05
9.174669654550750991e-05
9.174669654550750991e-05
9.174669654550750991e-05
1.009213662000582650e-04
1.146833706818843840e-04
8.257202689095675485e-05
1.009213662000582650e-04
9.862769878642057620e-05
7.339735723640601335e-05
1.100960358546090065e-04
8.715936171823213238e-05
9.862769878642057620e-05
9.174669654550750991e-05
1.078023684409713177e-04
9.633403137278288744e-05
9.404036395914519867e-05
8.486569430459444362e-05
9.633403137278288744e-05
7.798469206368137732e-05
9.862769878642057620e-05
8.715936171823213238e-05
1.032150336136959402e-04
1.032150336136959402e-04
8.715936171823213238e-05
7.569102465004368856e-05
8.027835947731906609e-05
9.174669654550750991e-05
1.100960358546090065e-04
1.055087010273336289e-04
1.100960358546090065e-04
5.963535275457988076e-05
8.945302913186982115e-05
1.146833706818843840e-04
9.404036395914519867e-05
1.055087010273336289e-04
1.078023684409713177e-04
8.945302913186982115e-05
7.110368982276832458e-05
1.009213662000582650e-04
8.257202689095675485e-05
8.486569430459444362e-05
8.715936171823213238e-05
9.174669654550750991e-05
8.257202689095675485e-05
9.633403137278288744e-05
9.862769878642057620e-05
8.715936171823213238e-05
1.009213662000582650e-04
8.715936171823213238e-05
8.257202689095675485e-05
1.192707055091597615e-04
3.669867861820300667e-05
8.945302913186982115e-05
6.651635499549294706e-05
1.032150336136959402e-04
8.486569430459444362e-05
7.798469206368137732e-05
1.100960358546090065e-04
8.715936171823213238e-05
8.715936171823213238e-05
7.110368982276832458e-05
1.009213662000582650e-04
8.715936171823213238e-05
8.257202689095675485e-05
9.404036395914519867e-05
8.486569430459444362e-05
1.055087010273336289e-04
9.862769878642057620e-05
9.174669654550750991e-05
7.569102465004368856e-05
8.027835947731906609e-05
8.027835947731906609e-05
8.945302913186982115e-05
7.339735723640601335e-05
8.486569430459444362e-05
9.174669654550750991e-05
1.055087010273336289e-04
9.862769878642057620e-05
8.257202689095675485e-05
9.404036395914519867e-05
8.486569430459444362e-05
8.945302913186982115e-05
1.032150336136959402e-04
9.633403137278288744e-05
8.257202689095675485e-05
8.486569430459444362e-05
6.422268758185525829e-05
7.339735723640601335e-05
9.404036395914519867e-05
8.027835947731906609e-05
8.945302913186982115e-05
8.945302913186982115e-05
8.715936171823213238e-05
8.257202689095675485e-05
7.798469206368137732e-05
7.798469206368137732e-05
8.486569430459444362e-05
7.569102465004368856e-05
9.404036395914519867e-05
8.945302913186982115e-05
8.257202689095675485e-05
1.055087010273336289e-04
7.569102465004368856e-05
8.257202689095675485e-05
1.032150336136959402e-04
8.945302913186982115e-05
6.422268758185525829e-05
9.174669654550750991e-05
7.569102465004368856e-05
7.798469206368137732e-05
8.027835947731906609e-05
4.816701568639144372e-05
8.945302913186982115e-05
7.798469206368137732e-05
9.174669654550750991e-05
7.339735723640601335e-05
9.174669654550750991e-05
9.633403137278288744e-05
5.963535275457988076e-05
8.486569430459444362e-05
6.422268758185525829e-05
9.404036395914519867e-05
8.257202689095675485e-05
9.404036395914519867e-05
8.945302913186982115e-05
8.257202689095675485e-05
8.945302913186982115e-05
9.633403137278288744e-05
7.569102465004368856e-05
1.123897032682466952e-04
6.422268758185525829e-05
8.715936171823213238e-05
8.715936171823213238e-05
9.633403137278288744e-05
9.404036395914519867e-05
8.257202689095675485e-05
8.486569430459444362e-05
8.486569430459444362e-05
8.257202689095675485e-05
7.798469206368137732e-05
7.110368982276832458e-05
8.257202689095675485e-05
6.881002240913063582e-05
8.715936171823213238e-05
7.798469206368137732e-05
6.881002240913063582e-05
9.862769878642057620e-05
7.339735723640601335e-05
7.339735723640601335e-05
6.881002240913063582e-05
8.715936171823213238e-05
7.569102465004368856e-05
7.569102465004368856e-05
7.798469206368137732e-05
8.486569430459444362e-05
7.110368982276832458e-05
7.110368982276832458e-05
8.715936171823213238e-05
8.945302913186982115e-05
8.715936171823213238e-05
8.945302913186982115e-05
6.651635499549294706e-05
7.339735723640601335e-05
8.257202689095675485e-05
9.174669654550750991e-05
9.174669654550750991e-05
9.174669654550750991e-05
1.078023684409713177e-04
9.174669654550750991e-05
9.404036395914519867e-05
5.734168534094219200e-05
8.945302913186982115e-05
8.486569430459444362e-05
8.257202689095675485e-05
7.110368982276832458e-05
8.945302913186982115e-05
5.734168534094219200e-05
8.486569430459444362e-05
8.257202689095675485e-05
7.110368982276832458e-05
8.945302913186982115e-05
9.404036395914519867e-05
9.174669654550750991e-05
6.422268758185525829e-05
6.651635499549294706e-05
9.174669654550750991e-05
7.798469206368137732e-05
9.404036395914519867e-05
5.046068310002913248e-05
9.633403137278288744e-05
7.569102465004368856e-05
8.027835947731906609e-05
7.339735723640601335e-05
8.945302913186982115e-05
6.651635499549294706e-05
9.174669654550750991e-05
8.257202689095675485e-05
8.715936171823213238e-05
8.486569430459444362e-05
8.257202689095675485e-05
8.945302913186982115e-05
1.009213662000582650e-04
9.633403137278288744e-05
8.945302913186982115e-05
6.881002240913063582e-05
7.798469206368137732e-05
5.275435051366681447e-05
7.798469206368137732e-05
7.798469206368137732e-05
6.192902016821756953e-05
9.633403137278288744e-05
7.339735723640601335e-05
7.110368982276832458e-05
7.110368982276832458e-05
6.192902016821756953e-05
7.569102465004368856e-05
8.027835947731906609e-05
6.192902016821756953e-05
7.569102465004368856e-05
8.715936171823213238e-05
6.192902016821756953e-05
8.257202689095675485e-05
8.027835947731906609e-05
8.486569430459444362e-05
8.027835947731906609e-05
5.046068310002913248e-05
7.798469206368137732e-05
8.486569430459444362e-05
9.404036395914519867e-05
8.715936171823213238e-05
8.715936171823213238e-05
7.110368982276832458e-05
7.798469206368137732e-05
9.633403137278288744e-05
8.257202689095675485e-05
8.486569430459444362e-05
8.486569430459444362e-05
7.110368982276832458e-05
7.569102465004368856e-05
7.569102465004368856e-05
5.275435051366681447e-05
7.110368982276832458e-05
6.422268758185525829e-05
6.881002240913063582e-05
9.404036395914519867e-05
7.569102465004368856e-05
7.339735723640601335e-05
8.027835947731906609e-05
6.422268758185525829e-05
8.027835947731906609e-05
9.633403137278288744e-05
8.715936171823213238e-05
2.293667413637687748e-05
8.715936171823213238e-05
7.339735723640601335e-05
8.945302913186982115e-05
7.339735723640601335e-05
8.715936171823213238e-05
6.651635499549294706e-05
7.798469206368137732e-05
8.257202689095675485e-05
6.651635499549294706e-05
8.486569430459444362e-05
6.651635499549294706e-05
8.486569430459444362e-05
6.881002240913062904e-06
7.110368982276832458e-05
6.881002240913063582e-05
8.027835947731906609e-05
7.569102465004368856e-05
6.651635499549294706e-05
8.715936171823213238e-05
8.257202689095675485e-05
8.715936171823213238e-05
7.110368982276832458e-05
5.734168534094219200e-05
6.881002240913063582e-05
4.587334827275375495e-05
9.174669654550750991e-05
9.174669654550750991e-05
8.027835947731906609e-05
8.486569430459444362e-05
7.798469206368137732e-05
8.715936171823213238e-05
7.798469206368137732e-05
7.569102465004368856e-05
7.339735723640601335e-05
4.587334827275375495e-05
6.651635499549294706e-05
6.881002240913063582e-05
8.715936171823213238e-05
7.339735723640601335e-05
5.963535275457988076e-05
8.027835947731906609e-05
9.174669654550750991e-05
7.110368982276832458e-05
7.569102465004368856e-05
6.651635499549294706e-05
6.651635499549294706e-05
5.963535275457988076e-05
7.339735723640601335e-05
5.734168534094219200e-05
6.651635499549294706e-05
7.110368982276832458e-05
6.192902016821756953e-05
7.110368982276832458e-05
8.027835947731906609e-05
7.798469206368137732e-05
7.798469206368137732e-05
6.422268758185525829e-05
6.192902016821756953e-05
5.963535275457988076e-05
9.633403137278288744e-05
8.486569430459444362e-05
7.798469206368137732e-05
7.339735723640601335e-05
8.027835947731906609e-05
6.422268758185525829e-05
8.027835947731906609e-05
6.651635499549294706e-05
8.945302913186982115e-05
9.174669654550750991e-05
7.798469206368137732e-05
6.422268758185525829e-05
1.055087010273336289e-04
7.569102465004368856e-05
1.009213662000582650e-04
6.651635499549294706e-05
7.110368982276832458e-05
9.862769878642057620e-05
1.055087010273336289e-04
7.339735723640601335e-05
7.110368982276832458e-05
6.651635499549294706e-05
8.257202689095675485e-05
6.881002240913063582e-05
8.715936171823213238e-05
6.422268758185525829e-05
8.486569430459444362e-05
8.027835947731906609e-05
6.651635499549294706e-05
7.339735723640601335e-05
9.174669654550750991e-05
6.651635499549294706e-05
6.881002240913063582e-05
7.569102465004368856e-05
7.569102465004368856e-05
6.192902016821756953e-05
6.881002240913063582e-05
6.192902016821756953e-05
7.798469206368137732e-05
6.881002240913063582e-05
7.798469206368137732e-05
6.881002240913063582e-05
7.339735723640601335e-05
6.422268758185525829e-05
8.257202689095675485e-05
7.110368982276832458e-05
7.339735723640601335e-05
6.651635499549294706e-05
7.339735723640601335e-05
3.440501120456531791e-05
7.569102465004368856e-05
6.422268758185525829e-05
4.128601344547837743e-05
5.046068310002913248e-05
7.569102465004368856e-05
7.339735723640601335e-05
6.192902016821756953e-05
8.027835947731906609e-05
6.422268758185525829e-05
5.734168534094219200e-05
4.587334827275375495e-05
7.339735723640601335e-05
5.734168534094219200e-05
7.339735723640601335e-05
8.027835947731906609e-05
7.339735723640601335e-05
7.339735723640601335e-05
7.569102465004368856e-05
8.486569430459444362e-05
8.257202689095675485e-05
7.110368982276832458e-05
5.046068310002913248e-05
4.816701568639144372e-05
6.422268758185525829e-05
7.339735723640601335e-05
6.651635499549294706e-05
9.174669654550750991e-05
7.569102465004368856e-05
9.862769878642057620e-05
8.027835947731906609e-05
7.569102465004368856e-05
7.110368982276832458e-05
7.110368982276832458e-05
4.816701568639144372e-05
7.798469206368137732e-05
8.257202689095675485e-05
8.027835947731906609e-05
8.027835947731906609e-05
8.027835947731906609e-05
7.569102465004368856e-05
1.009213662000582650e-04
6.651635499549294706e-05
6.422268758185525829e-05
6.651635499549294706e-05
2.523034155001456624e-05
7.339735723640601335e-05
7.110368982276832458e-05
8.486569430459444362e-05
8.027835947731906609e-05
8.715936171823213238e-05
6.422268758185525829e-05
7.569102465004368856e-05
8.027835947731906609e-05
6.651635499549294706e-05
6.881002240913063582e-05
8.027835947731906609e-05
9.404036395914519867e-05
6.881002240913063582e-05
2.981767637728994038e-05
5.963535275457988076e-05
7.110368982276832458e-05
7.339735723640601335e-05
6.422268758185525829e-05
6.422268758185525829e-05
5.963535275457988076e-05
7.110368982276832458e-05
6.422268758185525829e-05
